Behavior,Interaction_Predictions
Background,background
Background,background
Background,background
Background,background
Background,background
Background,background
Background,background
Background,background
Background,background
Background,background
Background,background
Background,background
Background,background
Background,background
Background,background
Background,background
Background,background
Background,background
Background,background
Background,background
Background,background
Background,background
Background,background
Background,background
Background,background
Background,background
Background,background
Background,background
Background,background
Background,background
Background,background
Background,background
Background,background
Background,background
Background,background
Background,background
Background,background
Background,background
Background,background
Background,background
Background,background
Background,background
Background,background
Background,background
Background,background
Background,background
Background,background
Background,background
Background,background
Background,background
Background,background
Background,background
Background,background
Background,background
Background,background
Background,background
Background,background
Background,background
Background,background
Background,background
Background,background
Background,background
Background,background
Background,background
Background,background
Background,background
Background,background
Background,background
Background,background
Background,background
Background,background
Background,background
Background,background
Background,background
Background,background
Background,background
Background,background
Background,background
Background,background
Background,background
Background,background
Background,background
Background,background
Background,background
Background,background
Background,background
Background,background
Background,background
Background,background
Background,background
Background,background
Background,background
Background,background
Background,background
Background,background
Background,background
Background,background
Background,background
Background,background
Background,background
Background,background
Background,background
Background,background
Background,background
Background,background
Background,background
Background,background
Background,background
Background,background
Background,background
Background,background
Background,background
Background,background
Background,background
Background,background
Background,background
Background,background
Background,background
Background,background
Background,background
Background,background
Background,background
Background,background
Background,background
Background,background
Background,background
Background,background
Background,background
Background,background
Background,background
Background,background
Background,background
Background,background
Background,background
Background,background
Background,background
Background,background
Background,background
Background,background
Background,background
Background,background
Background,background
Background,background
Background,background
Background,background
Background,background
Background,background
Background,background
Background,background
Background,background
Background,background
Background,background
Background,background
Background,background
Background,background
Background,background
Background,background
Background,background
Background,background
Background,background
Background,background
Background,background
Background,background
Background,background
Background,background
Background,background
Background,background
Background,background
Background,background
Background,background
Background,background
Background,background
Background,background
Background,background
Background,background
Background,background
Background,background
Background,background
Background,background
Background,background
Background,background
Background,background
Background,background
Background,background
Background,background
Background,background
Background,background
Background,background
Background,background
Background,background
Background,background
Background,background
Background,background
Background,background
Background,background
Background,background
Background,background
Background,background
Background,background
Background,background
Background,background
Background,background
Background,background
Background,background
Background,background
Background,background
Background,background
Background,background
Background,background
Background,background
Background,background
Background,background
Background,background
Background,background
Background,background
Background,background
Background,background
Background,background
Background,background
Background,background
Background,background
Background,background
Background,background
Background,background
Background,background
Background,background
Background,background
Background,background
Background,background
Background,background
Background,background
Background,background
Background,background
Background,background
Background,background
Background,background
Background,background
Background,background
Background,background
Background,background
Background,background
Background,background
Background,background
Background,background
Background,background
Background,background
Background,background
Background,background
Background,background
Background,background
Background,background
Background,background
Background,background
Background,background
Background,background
Background,background
Background,background
Background,background
Background,background
Background,background
Background,background
Background,background
Background,background
Background,background
Background,background
Background,background
Background,background
Background,background
Background,background
Background,background
Background,background
Background,background
Background,background
Background,background
Background,background
Background,background
Background,background
Background,background
Background,background
Background,background
Background,background
Background,background
Background,background
Background,background
Background,background
Background,background
Background,background
Background,background
Background,background
Background,background
Background,background
Background,background
Background,background
Background,background
Background,background
Background,background
Background,background
Background,background
Background,background
Background,background
Background,background
Background,background
Background,background
Background,background
Background,background
Background,background
Background,background
Background,background
Background,background
Background,background
Background,background
Background,background
Background,background
Background,background
Background,background
Background,background
Background,background
Background,background
Background,background
Background,background
Background,background
Background,background
Background,background
Background,background
Background,background
Background,background
Background,background
Background,background
Background,background
Background,background
Background,background
Background,background
Background,background
Background,background
Background,background
Background,background
Background,background
Background,background
Background,background
Background,background
Background,background
Background,background
Background,background
Background,background
Background,background
Background,background
Background,background
Background,background
Background,background
Background,background
Background,background
Background,background
Background,background
Background,background
Background,background
Background,background
Background,background
Background,background
Background,background
Background,background
Background,background
Background,background
Background,background
Background,background
Background,background
Background,background
Background,background
Background,background
Background,background
Background,background
Background,background
Background,background
Background,background
Background,background
Background,background
Background,background
Background,background
Background,background
Background,background
Background,background
Background,background
Background,background
Background,background
Background,background
Background,background
Background,background
Background,background
Background,background
Background,background
Background,background
Background,background
Background,background
Background,background
Background,background
Background,background
Background,background
Background,background
Background,background
Background,background
Background,background
Background,background
Background,background
Background,background
Background,background
Background,background
Background,background
Background,background
Background,background
Background,background
Background,background
Background,background
Background,background
Background,background
Background,background
Background,background
Background,background
Background,background
Background,background
Background,background
Background,background
Background,background
Background,background
Background,background
Background,background
Background,background
Background,background
Background,background
Background,background
Background,background
Background,background
Background,background
Background,background
Background,background
Background,background
Background,background
Background,background
Background,background
Background,background
Background,background
Background,background
Background,background
Background,background
Background,background
Background,background
Background,background
Background,background
Background,background
Background,background
Background,background
Background,background
Background,background
Background,background
Background,background
Background,background
Background,background
Background,background
Background,background
Background,background
Background,background
Background,background
Background,background
Background,background
Background,background
Background,background
Background,background
Background,background
Background,background
Background,background
Background,background
Background,background
Background,background
Background,background
Background,background
Background,background
Background,background
Background,background
Background,background
Background,background
Background,background
Background,background
Background,background
Background,background
Background,background
Background,background
Background,background
Background,background
Background,background
Background,background
Background,background
Background,background
Background,background
Background,background
Background,background
Background,background
Background,background
Background,background
Background,background
Background,background
Background,background
Background,background
Background,background
Background,background
Background,background
Background,background
Background,background
Background,background
Background,background
Background,background
Background,background
Background,background
Background,background
Background,background
Background,background
Background,background
Background,background
Background,background
Background,background
Background,background
Background,background
Background,background
Background,background
Background,background
Background,background
Background,background
Background,background
Background,background
Background,background
Background,background
Background,background
Background,background
Background,background
Background,background
Background,background
Background,background
Background,background
Background,background
Background,background
Background,background
Background,background
Background,background
Background,background
Background,background
Background,background
Background,background
Background,background
Background,background
Background,background
Background,background
Background,background
Background,background
Background,background
Background,background
Background,background
Background,background
Background,background
Background,background
Background,background
Background,background
Background,background
Background,background
Background,background
Background,background
Background,background
Background,background
Background,background
Background,background
Background,background
Background,background
Background,background
Background,background
Background,background
Background,background
Background,background
Background,background
Background,background
Background,background
Background,background
Background,background
Background,background
Background,background
Background,background
Background,background
Background,background
Background,background
Background,background
Background,background
Background,background
Background,background
Background,background
Background,background
Background,background
Background,background
Background,background
Background,background
Background,background
Background,background
Background,background
Background,background
Background,background
Background,background
Background,background
Background,background
Background,background
Background,background
Background,background
Background,background
Background,background
Background,background
Background,background
Background,background
Background,background
Background,background
Background,background
Background,background
Background,background
Background,background
Background,background
Background,background
Background,background
Background,background
Background,background
Background,background
Background,background
Background,background
Background,background
Background,background
Background,background
Background,background
Background,background
Background,background
Background,background
Background,background
Background,background
Background,background
Background,background
Background,background
Background,background
Background,background
Background,background
Background,background
Background,background
Background,background
Background,background
Background,background
Background,background
Background,background
Background,background
Background,background
Background,background
Background,background
Background,background
Background,background
Background,background
Background,background
Background,background
Background,background
Background,background
Background,background
Background,background
Background,background
Background,background
Background,background
Background,background
Background,background
Background,background
Background,background
Background,background
Background,background
Background,background
Background,background
Background,background
Background,background
Background,background
Background,background
Background,background
Background,background
Background,background
Background,background
Background,background
Background,background
Background,background
Background,background
Background,background
Background,background
Background,background
Background,background
Background,background
Background,background
Background,background
Background,background
Background,background
Background,background
Background,background
Background,background
Background,background
Background,background
Background,background
Background,background
Background,background
Background,background
Background,background
Background,background
Background,background
Background,background
Background,background
Background,background
Background,background
Background,background
Background,background
Background,background
Background,background
Background,background
Background,background
Background,background
Background,background
Background,background
Background,background
Background,background
Background,background
Background,background
Background,background
Background,background
Background,background
Background,background
Background,background
Background,background
Background,background
Background,background
Background,background
Background,background
Background,background
Background,background
Background,background
Background,background
Background,background
Background,background
Background,background
Background,background
Background,background
Background,background
Background,background
Background,background
Background,background
Background,background
Background,background
Background,background
Background,background
Background,background
Background,background
Background,background
Background,background
Background,background
Background,background
Background,background
Background,background
Background,background
Background,background
Background,background
Background,background
Background,background
Background,background
Background,background
Background,background
Background,background
Background,background
Background,background
Background,background
Background,background
Background,background
Background,background
Background,background
Background,background
Background,background
Background,background
Background,background
Background,background
Background,background
Background,background
Background,background
Background,background
Background,background
Background,background
Background,background
Background,background
Background,background
Background,background
Background,background
Background,background
Background,background
Background,background
Background,background
Background,background
Background,background
Background,background
Background,background
Background,background
Background,background
Background,background
Background,background
Background,background
Background,background
Background,background
Background,background
Background,background
Background,background
Background,background
Background,background
Background,background
Background,background
Background,background
Background,background
Background,background
Background,background
Background,background
Background,background
Background,background
Background,background
Background,background
Background,background
Background,background
Background,background
Background,background
Background,background
Background,background
Background,background
Background,background
Background,background
Background,background
Background,background
Background,background
Background,background
Background,background
Background,background
Background,background
Background,background
Background,background
Background,background
Background,background
Background,background
Background,background
Background,background
Background,background
Background,background
Background,background
Background,background
Background,background
Background,background
Background,background
Background,background
Background,background
Background,background
Background,background
Background,background
Background,background
Background,background
Background,background
Background,background
Background,background
Background,background
Background,background
Background,background
Background,background
Background,background
Background,background
Background,background
Background,background
Background,background
Background,background
Background,background
Background,background
Background,interaction
Background,interaction
Background,interaction
Background,interaction
Background,interaction
Background,interaction
Background,interaction
Background,interaction
Background,interaction
Background,interaction
Background,interaction
Background,interaction
Background,interaction
Background,interaction
Background,interaction
Background,interaction
Background,interaction
Background,interaction
Background,interaction
Background,interaction
Background,interaction
Background,interaction
Background,interaction
Background,interaction
Background,interaction
Background,interaction
Background,interaction
Background,interaction
Background,interaction
Background,interaction
Background,interaction
Background,interaction
Background,interaction
Background,interaction
Background,interaction
Background,interaction
Background,interaction
Background,interaction
Background,interaction
Background,interaction
Background,interaction
Background,interaction
Background,interaction
Background,interaction
Background,interaction
Background,interaction
Background,interaction
Background,interaction
Background,interaction
Background,interaction
Background,interaction
Background,interaction
Background,interaction
Background,interaction
Background,interaction
Background,interaction
Background,interaction
Background,interaction
Background,interaction
Background,interaction
Background,interaction
Background,interaction
Background,interaction
Background,interaction
Background,interaction
Background,interaction
Background,interaction
Background,interaction
Background,interaction
Background,interaction
Background,interaction
Background,interaction
Background,interaction
Background,interaction
Background,interaction
Background,interaction
Background,interaction
Background,interaction
Background,interaction
Background,interaction
Background,interaction
Background,interaction
Background,interaction
Background,interaction
Background,interaction
Background,interaction
Background,interaction
Background,interaction
Background,interaction
Background,interaction
Background,interaction
Background,interaction
Background,interaction
Background,interaction
Background,interaction
Background,interaction
Background,interaction
Background,interaction
Background,interaction
Background,interaction
Background,interaction
Background,interaction
Background,interaction
Background,interaction
Background,interaction
Background,interaction
Background,interaction
Background,interaction
Background,interaction
Background,interaction
Background,interaction
Background,interaction
Background,interaction
Background,interaction
Background,interaction
Background,interaction
Background,interaction
Background,interaction
Background,interaction
Background,interaction
Background,interaction
Background,interaction
Background,interaction
Background,interaction
Background,interaction
Background,interaction
Background,interaction
Background,interaction
Background,interaction
Background,interaction
Background,interaction
Background,interaction
Background,interaction
Background,interaction
Background,interaction
Background,interaction
Background,interaction
Background,interaction
Background,interaction
Background,interaction
Background,interaction
Background,interaction
Background,interaction
Background,interaction
Background,interaction
Background,interaction
Background,interaction
Background,interaction
Background,interaction
Background,interaction
Background,interaction
Background,interaction
Background,interaction
Background,interaction
Background,interaction
Background,interaction
Background,interaction
Background,interaction
Background,interaction
Background,interaction
Background,interaction
Background,interaction
Background,interaction
Background,interaction
Background,interaction
Background,interaction
Background,interaction
Background,interaction
Background,interaction
Background,interaction
Background,interaction
Background,interaction
Background,interaction
Background,interaction
Background,interaction
Background,interaction
Background,interaction
Background,interaction
Background,interaction
Background,interaction
Background,interaction
Background,interaction
Background,interaction
Background,interaction
Background,interaction
Background,interaction
Background,interaction
Background,interaction
Background,interaction
Background,interaction
Background,interaction
Background,interaction
Background,interaction
Background,interaction
Background,interaction
Background,interaction
Background,interaction
Background,interaction
Background,interaction
Background,interaction
Background,interaction
Background,interaction
Background,interaction
Background,interaction
Background,interaction
Background,interaction
Background,interaction
Background,interaction
Background,interaction
Background,interaction
Background,interaction
Background,interaction
Background,interaction
Background,interaction
Background,interaction
Background,interaction
Background,interaction
Background,interaction
Background,interaction
Background,interaction
Background,interaction
Background,interaction
Background,interaction
Background,interaction
Background,interaction
Background,interaction
Background,interaction
Background,interaction
Background,interaction
Background,interaction
Background,interaction
Background,interaction
Background,interaction
Background,interaction
Background,interaction
Background,interaction
Background,interaction
Background,interaction
Background,interaction
Background,interaction
Background,interaction
Background,interaction
Background,interaction
Background,interaction
Background,interaction
Background,interaction
Background,interaction
Background,interaction
Background,interaction
Background,interaction
Background,interaction
Background,interaction
Background,interaction
Background,interaction
Background,interaction
Background,interaction
Background,interaction
Background,interaction
Background,interaction
Background,interaction
Background,interaction
Background,interaction
Background,interaction
Background,interaction
Background,interaction
Background,interaction
Background,interaction
Background,interaction
Background,interaction
Background,interaction
Background,interaction
Background,interaction
Background,interaction
Background,interaction
Background,interaction
Background,interaction
Background,interaction
Background,interaction
Background,interaction
Background,interaction
Background,interaction
Background,interaction
Background,interaction
Background,interaction
Background,interaction
Background,interaction
Background,interaction
Background,interaction
Background,interaction
Background,interaction
Background,interaction
Background,interaction
Background,interaction
Background,interaction
Background,interaction
Background,interaction
Background,interaction
Background,interaction
Background,interaction
Background,interaction
Background,interaction
Background,interaction
Background,interaction
Background,interaction
Background,interaction
Background,interaction
Background,interaction
Background,interaction
Background,interaction
Background,interaction
Background,interaction
Background,interaction
Background,interaction
Background,interaction
Background,interaction
Background,interaction
Background,interaction
Background,interaction
Background,interaction
Background,interaction
Background,interaction
Background,interaction
Background,interaction
Background,interaction
Background,interaction
Background,interaction
Background,interaction
Background,interaction
Background,interaction
Background,interaction
Background,interaction
Background,interaction
Background,interaction
Background,interaction
Background,interaction
Background,interaction
Background,interaction
Background,interaction
Background,interaction
Background,interaction
Background,interaction
Background,interaction
Background,interaction
Background,interaction
Background,interaction
Background,interaction
Background,interaction
Background,interaction
Background,interaction
Background,interaction
Background,interaction
Background,interaction
Background,interaction
Background,interaction
Background,interaction
Background,interaction
Background,interaction
Background,interaction
Background,interaction
Background,interaction
Background,interaction
Background,interaction
Background,interaction
Background,interaction
Background,interaction
Background,interaction
Background,interaction
Background,interaction
Background,interaction
Background,interaction
Background,interaction
Background,interaction
Background,interaction
Background,interaction
Background,interaction
Background,interaction
Background,interaction
Background,interaction
Background,interaction
Background,interaction
Background,interaction
Background,interaction
Background,interaction
Background,interaction
Background,interaction
Background,interaction
Background,interaction
Background,interaction
Background,interaction
Background,interaction
Background,interaction
Background,interaction
Background,interaction
Background,interaction
Background,interaction
Background,interaction
Background,interaction
Background,interaction
Background,interaction
Background,interaction
Background,interaction
Background,interaction
Background,interaction
Background,interaction
Background,interaction
Background,interaction
Background,interaction
Background,interaction
Background,interaction
Background,interaction
Background,interaction
Background,interaction
Background,interaction
Background,interaction
Background,interaction
Background,interaction
Background,interaction
Background,interaction
Background,interaction
Background,interaction
Background,interaction
Background,interaction
Background,interaction
Background,interaction
Background,interaction
Background,interaction
Background,interaction
Background,interaction
Background,interaction
Background,interaction
Background,interaction
Background,interaction
Background,interaction
Background,interaction
Background,interaction
Background,interaction
Background,interaction
Background,interaction
Background,interaction
Background,interaction
Background,interaction
Background,interaction
Background,interaction
Background,interaction
Background,interaction
Background,interaction
Background,interaction
Background,interaction
Background,interaction
Background,interaction
Background,interaction
Background,interaction
Background,interaction
Background,interaction
Background,interaction
Background,interaction
Background,interaction
Background,interaction
Background,interaction
Background,interaction
Background,interaction
Background,interaction
Background,interaction
Background,interaction
Background,interaction
Background,interaction
Background,interaction
Background,interaction
Background,interaction
Background,interaction
Background,interaction
Background,interaction
Background,interaction
Background,interaction
Background,interaction
Background,interaction
Background,background
Background,background
Background,background
Background,background
Background,background
Background,background
Background,background
Background,background
Background,background
Background,background
Background,background
Background,background
Background,background
Background,background
Background,background
Background,background
Background,background
Background,background
Background,background
Background,background
Background,background
Background,background
Background,background
Background,background
Background,background
Background,background
Background,background
Background,background
Background,background
Background,background
Background,interaction
Background,interaction
Background,interaction
Background,interaction
Background,interaction
Background,interaction
Background,interaction
Background,interaction
Background,interaction
Background,interaction
Background,interaction
Background,interaction
Background,interaction
Background,interaction
Background,interaction
Background,interaction
Background,interaction
Background,interaction
Background,interaction
Background,interaction
Background,interaction
Background,interaction
Background,interaction
Background,interaction
Background,interaction
Background,interaction
Background,interaction
Background,interaction
Background,interaction
Background,interaction
Background,interaction
Background,interaction
Background,interaction
Background,interaction
Background,interaction
Background,interaction
Background,interaction
Background,interaction
Background,interaction
Background,interaction
Background,interaction
Background,interaction
Background,interaction
Background,interaction
Background,interaction
Background,interaction
Background,interaction
Background,interaction
Background,interaction
Background,interaction
Background,interaction
Background,interaction
Background,interaction
Background,interaction
Background,interaction
Background,interaction
Background,interaction
Background,interaction
Background,interaction
Background,interaction
Background,interaction
Background,interaction
Background,interaction
Background,interaction
Background,interaction
Background,interaction
Background,interaction
Background,interaction
Background,interaction
Background,interaction
Background,interaction
Background,interaction
Background,interaction
Background,interaction
Background,interaction
Background,interaction
Background,interaction
Background,interaction
Background,interaction
Background,interaction
Background,interaction
Background,interaction
Background,interaction
Background,interaction
Background,interaction
Background,interaction
Background,interaction
Background,interaction
Background,interaction
Background,interaction
Background,interaction
Background,interaction
Background,interaction
Background,interaction
Background,interaction
Background,interaction
Background,interaction
Background,interaction
Background,interaction
Background,interaction
Background,interaction
Background,interaction
Background,interaction
Background,interaction
Background,interaction
Background,interaction
Background,interaction
Background,interaction
Background,interaction
Background,interaction
Background,interaction
Background,interaction
Background,interaction
Background,interaction
Background,interaction
Background,interaction
Background,interaction
Background,interaction
Background,interaction
Background,interaction
Background,interaction
Background,interaction
Background,interaction
Background,interaction
Background,interaction
Background,interaction
Background,interaction
Background,interaction
Background,interaction
Background,interaction
Background,interaction
Background,interaction
Background,interaction
Background,interaction
Background,interaction
Background,interaction
Background,interaction
Background,interaction
Background,interaction
Background,interaction
Background,interaction
Background,interaction
Background,interaction
Background,interaction
Background,interaction
Background,interaction
Background,interaction
Background,interaction
Background,interaction
Background,interaction
Background,interaction
Background,interaction
Background,interaction
Background,interaction
Background,interaction
Background,interaction
Background,interaction
Background,interaction
Background,interaction
Background,interaction
Background,interaction
Background,interaction
Background,interaction
Background,interaction
Background,interaction
Background,interaction
Background,interaction
Background,interaction
Background,interaction
Background,interaction
Background,interaction
Background,interaction
Background,interaction
Background,interaction
Background,interaction
Background,interaction
Background,interaction
Background,interaction
Background,interaction
Background,interaction
Background,interaction
Background,interaction
Background,interaction
Background,interaction
Background,interaction
Background,interaction
Background,interaction
Background,interaction
Background,interaction
Background,background
Background,background
Background,background
Background,background
Background,background
Background,background
Background,background
Background,background
Background,background
Background,background
Background,background
Background,background
Background,background
Background,background
Background,background
Background,background
Background,background
Background,background
Background,background
Background,background
Background,background
Background,background
Background,background
Background,background
Background,background
Background,background
Background,background
Background,background
Background,background
Background,background
Background,background
Background,background
Background,background
Background,background
Background,background
Background,background
Background,background
Background,background
Background,background
Background,background
Background,background
Background,background
Background,background
Background,background
Background,background
Background,background
Background,background
Background,background
Background,background
Background,background
Background,background
Background,background
Background,background
Background,background
Background,background
Background,background
Background,background
Background,background
Background,background
Background,background
Background,background
Background,background
Background,background
Background,background
Background,background
Background,background
Background,background
Background,background
Background,background
Background,background
Background,background
Background,background
Background,background
Background,background
Background,background
Background,background
Background,background
Background,background
Background,background
Background,background
Background,background
Background,background
Background,background
Background,background
Background,background
Background,background
Background,background
Background,background
Background,background
Background,background
Background,background
Background,background
Background,background
Background,background
Background,background
Background,background
Background,background
Background,background
Background,background
Background,background
Background,background
Background,background
Background,background
Background,background
Background,background
Background,background
Background,background
Background,background
Background,background
Background,background
Background,background
Background,background
Background,background
Background,background
Background,background
Background,background
Background,background
Background,background
Background,background
Background,background
Background,background
Background,background
Background,background
Background,background
Background,background
Background,background
Background,background
Background,background
Background,background
Background,background
Background,background
Background,background
Background,background
Background,background
Background,background
Background,background
Background,background
Background,background
Background,background
Background,background
Background,background
Background,background
Background,background
Background,background
Background,background
Background,background
Background,background
Background,background
Background,background
Background,background
Background,background
Background,background
Background,background
Background,background
Background,background
Background,background
Background,background
Background,background
Background,background
Background,background
Background,background
Background,background
Background,background
Background,background
Background,background
Background,background
Background,background
Background,background
Background,background
Background,background
Background,background
Background,background
Background,background
Background,background
Background,background
Background,background
Background,background
Background,background
Background,background
Background,background
Background,background
Background,background
Background,background
Background,background
Background,background
Background,background
Background,background
Background,background
Background,background
Background,background
Background,background
Background,background
Background,background
Background,background
Background,background
Background,background
Background,background
Background,background
Background,background
Background,background
Background,background
Background,background
Background,background
Background,background
Background,background
Background,background
Background,background
Background,background
Background,background
Background,background
Background,background
Background,background
Background,background
Background,background
Background,background
Background,background
Background,background
Background,background
Background,background
Background,background
Background,background
Background,background
Background,background
Background,background
Background,background
Background,background
Background,background
Background,background
Background,background
Background,background
Background,background
Background,background
Background,background
Background,background
Background,background
Background,background
Background,background
Background,background
Background,background
Background,background
Background,background
Background,background
Background,background
Background,background
Background,background
Background,background
Background,background
Background,background
Background,background
Background,background
Background,background
Background,background
Background,background
Background,interaction
Background,interaction
Background,interaction
Background,interaction
Background,interaction
Background,interaction
Background,interaction
Background,interaction
Background,interaction
Background,interaction
Background,interaction
Background,interaction
Background,interaction
Background,interaction
Background,interaction
Background,interaction
Background,interaction
Background,interaction
Background,interaction
Background,interaction
Background,interaction
Background,interaction
Background,interaction
Background,interaction
Background,interaction
Background,interaction
Background,interaction
Background,interaction
Background,interaction
Background,interaction
Background,interaction
Background,interaction
Background,interaction
Background,interaction
Background,interaction
Background,interaction
Background,interaction
Background,interaction
Background,interaction
Background,interaction
Background,interaction
Background,interaction
Background,interaction
Background,interaction
Background,interaction
Background,interaction
Background,interaction
Background,interaction
Background,interaction
Background,interaction
Background,interaction
Background,interaction
Background,interaction
Background,interaction
Background,interaction
Background,interaction
Background,interaction
Background,interaction
Background,interaction
Background,interaction
Background,interaction
Background,interaction
Background,interaction
Background,interaction
Background,interaction
Background,interaction
Background,interaction
Background,interaction
Background,interaction
Background,interaction
Background,interaction
Background,interaction
Background,interaction
Background,interaction
Background,interaction
Background,interaction
Background,interaction
Background,interaction
Background,interaction
Background,interaction
Background,interaction
Background,interaction
Background,interaction
Background,interaction
Background,interaction
Background,interaction
Background,interaction
Background,interaction
Background,interaction
Background,interaction
Background,interaction
Background,interaction
Background,interaction
Background,interaction
Background,interaction
Background,interaction
Background,interaction
Background,interaction
Background,interaction
Background,interaction
Background,interaction
Background,interaction
Background,interaction
Background,interaction
Background,interaction
Background,interaction
Background,interaction
Background,interaction
Background,interaction
Background,interaction
Background,interaction
Background,interaction
Background,interaction
Background,interaction
Background,interaction
Background,interaction
Background,interaction
Background,interaction
Background,interaction
Background,interaction
Background,interaction
Background,interaction
Background,interaction
Background,interaction
Background,interaction
Background,interaction
Background,interaction
Background,interaction
Background,interaction
Background,interaction
Background,interaction
Background,interaction
Background,interaction
Background,interaction
Background,interaction
Background,interaction
Background,interaction
Background,interaction
Background,interaction
Background,interaction
Background,interaction
Background,interaction
Background,interaction
Background,interaction
Background,interaction
Background,interaction
Background,interaction
Background,interaction
Background,interaction
Background,interaction
Background,interaction
Background,interaction
Background,interaction
Background,interaction
Background,interaction
Background,interaction
Background,interaction
Background,interaction
Background,interaction
Background,interaction
Background,interaction
Background,interaction
Background,interaction
Background,interaction
Background,interaction
Background,interaction
Background,interaction
Background,interaction
Background,interaction
Background,interaction
Background,interaction
Background,interaction
Background,interaction
Background,interaction
Background,interaction
Background,interaction
Background,interaction
Background,interaction
Background,interaction
Background,interaction
Background,interaction
Background,interaction
Background,interaction
Background,interaction
Background,interaction
Background,interaction
Background,interaction
Background,interaction
Background,interaction
Background,interaction
Background,interaction
Background,interaction
Background,interaction
Background,interaction
Background,interaction
Background,interaction
Background,interaction
Background,interaction
Background,interaction
Background,interaction
Background,interaction
Background,interaction
Background,interaction
Background,interaction
Background,interaction
Background,interaction
Background,interaction
Background,interaction
Background,interaction
Background,interaction
Background,interaction
Background,interaction
Background,interaction
Background,interaction
Background,interaction
Background,interaction
Background,interaction
Background,interaction
Background,interaction
Background,interaction
Background,interaction
Background,interaction
Background,interaction
Background,interaction
Background,interaction
Background,interaction
Background,interaction
Background,interaction
Background,interaction
Background,interaction
Background,interaction
Background,interaction
Background,interaction
Background,interaction
Background,interaction
Background,interaction
Background,interaction
Background,interaction
Background,interaction
Background,interaction
Background,interaction
Background,interaction
Background,interaction
Background,interaction
Background,interaction
Background,interaction
Background,interaction
Background,interaction
Background,interaction
Background,interaction
Background,interaction
Background,interaction
Background,interaction
Background,interaction
Background,interaction
Background,interaction
Background,interaction
Background,interaction
Background,interaction
Background,interaction
Background,interaction
Background,interaction
Background,interaction
Background,interaction
Background,interaction
Background,interaction
Background,interaction
Background,interaction
Background,interaction
Background,interaction
Background,interaction
Background,interaction
Background,interaction
Background,interaction
Background,interaction
Background,interaction
Background,interaction
Background,interaction
Background,interaction
Background,interaction
Background,interaction
Background,interaction
Background,interaction
Background,interaction
Background,interaction
Background,interaction
Background,interaction
Background,interaction
Background,interaction
Background,interaction
Background,interaction
Background,interaction
Background,interaction
Background,interaction
Background,interaction
Background,interaction
Background,interaction
Background,interaction
Background,interaction
Background,interaction
Background,interaction
Background,interaction
Background,interaction
Background,interaction
Background,interaction
Background,interaction
Background,interaction
Background,interaction
Background,interaction
Background,interaction
Background,interaction
Background,interaction
Background,interaction
Background,interaction
Background,interaction
Background,interaction
Background,interaction
Background,interaction
Background,interaction
Background,interaction
Background,interaction
Background,interaction
Background,interaction
Background,interaction
Background,interaction
Background,interaction
Background,interaction
Background,interaction
Background,interaction
Background,interaction
Background,interaction
Background,interaction
Background,interaction
Background,interaction
Background,interaction
Background,interaction
Background,interaction
Background,interaction
Background,interaction
Background,interaction
Background,interaction
Background,interaction
Background,interaction
Background,interaction
Background,interaction
Background,interaction
Background,interaction
Background,interaction
Background,interaction
Background,interaction
Background,interaction
Background,interaction
Background,interaction
Background,interaction
Background,interaction
Background,interaction
Background,interaction
Background,interaction
Background,interaction
Background,interaction
Background,interaction
Background,interaction
Background,interaction
Background,interaction
Background,interaction
Background,interaction
Background,interaction
Background,interaction
Background,interaction
Background,interaction
Background,interaction
Background,interaction
Background,interaction
Background,background
Background,background
Background,background
Background,background
Background,background
Background,background
Background,background
Background,background
Background,background
Background,background
Background,background
Background,background
Background,background
Background,background
Background,background
Background,background
Background,background
Background,background
Background,background
Background,background
Background,background
Background,background
Background,background
Background,background
Background,background
Background,background
Background,background
Background,background
Background,background
Background,background
Background,background
Background,background
Background,background
Background,background
Background,background
Background,background
Background,background
Background,background
Background,background
Background,background
Background,background
Background,background
Background,background
Background,background
Background,background
Background,background
Background,background
Background,interaction
Background,interaction
Background,interaction
Background,interaction
Background,interaction
Background,interaction
Background,interaction
Background,interaction
Background,interaction
Background,interaction
Background,interaction
Background,interaction
Background,interaction
Background,interaction
Background,interaction
Background,interaction
Background,interaction
Background,interaction
Background,interaction
Background,interaction
Background,interaction
Background,interaction
Background,interaction
Background,interaction
Background,interaction
Background,interaction
Background,interaction
Background,interaction
Background,interaction
Background,interaction
Background,interaction
Background,interaction
Background,interaction
Background,interaction
Background,interaction
Background,interaction
Background,interaction
Background,interaction
Background,interaction
Background,interaction
Background,interaction
Background,interaction
Background,interaction
Background,interaction
Background,interaction
Background,interaction
Background,interaction
Background,interaction
Background,interaction
Background,interaction
Background,interaction
Background,interaction
Background,interaction
Background,interaction
Background,interaction
Background,interaction
Background,interaction
Background,interaction
Background,interaction
Background,interaction
Background,interaction
Background,interaction
Background,interaction
Background,interaction
Background,interaction
Background,interaction
Background,interaction
Background,interaction
Background,interaction
Background,interaction
Background,interaction
Background,interaction
Background,interaction
Background,interaction
Background,interaction
Background,interaction
Background,interaction
Background,interaction
Background,interaction
Background,interaction
Background,interaction
Background,interaction
Background,interaction
Background,interaction
Background,interaction
Background,interaction
Background,interaction
Background,interaction
Background,interaction
Background,interaction
Background,interaction
Background,interaction
Background,interaction
Background,interaction
Background,interaction
Background,interaction
Background,interaction
Background,interaction
Background,interaction
Background,interaction
Background,interaction
Background,interaction
Background,interaction
Background,interaction
Background,interaction
Background,interaction
Background,interaction
Background,interaction
Background,interaction
Background,interaction
Background,interaction
Background,interaction
Background,interaction
Background,interaction
Background,interaction
Background,interaction
Background,interaction
Background,interaction
Background,interaction
Background,interaction
Background,interaction
Background,interaction
Background,interaction
Background,interaction
Background,interaction
Background,interaction
Background,interaction
Background,interaction
Background,interaction
Background,interaction
Background,interaction
Background,interaction
Background,interaction
Background,interaction
Background,interaction
Background,interaction
Background,interaction
Background,interaction
Background,interaction
Background,interaction
Background,interaction
Background,interaction
Background,interaction
Background,interaction
Background,interaction
Background,interaction
Background,interaction
Background,interaction
Background,interaction
Background,interaction
Background,interaction
Background,interaction
Background,interaction
Background,interaction
Background,interaction
Background,interaction
Background,interaction
Background,interaction
Background,interaction
Background,interaction
Background,interaction
Background,interaction
Background,interaction
Background,interaction
Background,interaction
Background,interaction
Background,interaction
Background,interaction
Background,interaction
Background,interaction
Background,interaction
Background,interaction
Background,interaction
Background,interaction
Background,interaction
Background,interaction
Background,interaction
Background,interaction
Background,interaction
Background,interaction
Background,interaction
Background,interaction
Background,interaction
Background,interaction
Background,interaction
Background,interaction
Background,interaction
Background,interaction
Background,interaction
Background,interaction
Background,interaction
Background,interaction
Background,interaction
Background,interaction
Background,interaction
Background,interaction
Background,interaction
Background,interaction
Background,interaction
Background,interaction
Background,interaction
Background,interaction
Background,interaction
Background,interaction
Background,interaction
Background,interaction
Background,interaction
Background,interaction
Background,interaction
Background,interaction
Background,interaction
Background,interaction
Background,background
Background,background
Background,background
Background,background
Background,background
Background,background
Background,background
Background,background
Background,background
Background,background
Background,background
Background,background
Background,background
Background,background
Background,background
Background,background
Background,background
Background,background
Background,background
Background,background
Background,background
Background,background
Background,background
Background,background
Background,background
Background,background
Background,background
Background,background
Background,background
Background,background
Background,background
Background,background
Background,background
Background,background
Background,background
Background,background
Background,background
Background,background
Background,background
Background,background
Background,background
Background,background
Background,background
Background,background
Background,background
Background,background
Background,background
Background,background
Background,background
Background,background
Background,background
Background,background
Background,background
Background,background
Background,background
Background,background
Background,background
Background,background
Background,background
Background,background
Background,background
Background,background
Background,background
Background,background
Background,background
Background,background
Background,background
Background,background
Background,background
Background,background
Background,background
Background,background
Background,background
Background,background
Background,background
Background,background
Background,background
Background,background
Background,background
Background,background
Background,background
Background,background
Background,background
Background,background
Background,background
Background,background
Background,background
Background,background
Background,background
Background,background
Background,background
Background,background
Background,background
Background,background
Background,background
Background,background
Background,background
Background,background
Background,background
Background,background
Background,background
Background,background
Background,background
Background,background
Background,background
Background,background
Background,background
Background,background
Background,background
Background,background
Background,background
Background,background
Background,background
Background,background
Background,background
Background,background
Background,background
Background,background
Background,background
Background,background
Background,background
Background,background
Background,background
Background,background
Background,background
Background,background
Background,background
Background,background
Background,background
Background,background
Background,background
Background,interaction
Background,interaction
Background,interaction
Background,interaction
Background,interaction
Background,interaction
Background,interaction
Background,interaction
Background,interaction
Background,interaction
Background,interaction
Background,interaction
Background,interaction
Background,interaction
Background,interaction
Background,interaction
Background,interaction
Background,interaction
Background,interaction
Background,interaction
Background,interaction
Background,interaction
Background,interaction
Background,interaction
Background,interaction
Background,interaction
Background,interaction
Background,interaction
Background,interaction
Background,interaction
Background,interaction
Background,interaction
Background,interaction
Background,interaction
Background,interaction
Background,interaction
Background,interaction
Background,interaction
Background,interaction
Background,interaction
Background,interaction
Background,interaction
Background,interaction
Background,interaction
Background,interaction
Background,interaction
Background,interaction
Background,interaction
Background,interaction
Background,interaction
Background,interaction
Background,interaction
Background,interaction
Background,interaction
Background,interaction
Background,interaction
Background,interaction
Background,interaction
Background,interaction
Background,interaction
Background,interaction
Background,interaction
Background,interaction
Background,interaction
Background,interaction
Background,interaction
Background,interaction
Background,interaction
Background,interaction
Background,interaction
Background,interaction
Background,interaction
Background,interaction
Background,interaction
Background,interaction
Background,interaction
Background,interaction
Background,interaction
Background,interaction
Background,interaction
Background,interaction
Background,interaction
Background,interaction
Background,interaction
Background,interaction
Background,interaction
Background,interaction
Background,interaction
Background,interaction
Background,interaction
Background,interaction
Background,interaction
Background,interaction
Background,interaction
Background,interaction
Background,interaction
Background,interaction
Background,interaction
Background,interaction
Background,interaction
Background,interaction
Background,interaction
Background,interaction
Background,interaction
Background,interaction
Background,interaction
Background,interaction
Background,interaction
Background,interaction
Background,interaction
Background,interaction
Background,interaction
Background,interaction
Background,interaction
Background,interaction
Background,interaction
Background,interaction
Background,interaction
Background,interaction
Background,interaction
Background,interaction
Background,interaction
Background,interaction
Background,interaction
Background,interaction
Background,interaction
Background,interaction
Background,interaction
Background,interaction
Background,interaction
Background,interaction
Background,interaction
Background,interaction
Background,interaction
Background,interaction
Background,interaction
Background,interaction
Background,interaction
Background,interaction
Background,interaction
Background,interaction
Background,interaction
Background,interaction
Background,interaction
Background,interaction
Background,interaction
Background,interaction
Background,interaction
Background,interaction
Background,interaction
Background,interaction
Background,interaction
Background,interaction
Background,interaction
Background,interaction
Background,interaction
Background,interaction
Background,interaction
Background,interaction
Background,interaction
Background,interaction
Background,interaction
Background,interaction
Background,interaction
Background,interaction
Background,interaction
Background,interaction
Background,interaction
Background,interaction
Background,interaction
Background,interaction
Background,interaction
Background,interaction
Background,interaction
Background,interaction
Background,interaction
Background,interaction
Background,interaction
Background,interaction
Background,interaction
Background,interaction
Background,interaction
Background,interaction
Background,interaction
Background,interaction
Background,interaction
Background,interaction
Background,interaction
Background,interaction
Background,interaction
Background,interaction
Background,interaction
Background,interaction
Background,interaction
Background,interaction
Background,interaction
Background,interaction
Background,interaction
Background,interaction
Background,interaction
Background,interaction
Background,interaction
Background,interaction
Background,interaction
Background,interaction
Background,interaction
Background,interaction
Background,interaction
Background,interaction
Background,interaction
Background,interaction
Background,interaction
Background,interaction
Background,interaction
Background,interaction
Background,interaction
Background,interaction
Background,interaction
Background,interaction
Background,interaction
Background,interaction
Background,interaction
Background,interaction
Background,interaction
Background,interaction
Background,interaction
Background,interaction
Background,interaction
Background,interaction
Background,interaction
Background,interaction
Background,interaction
Background,interaction
Background,interaction
Background,interaction
Background,interaction
Background,interaction
Background,interaction
Background,interaction
Background,interaction
Background,interaction
Background,interaction
Background,interaction
Background,interaction
Background,interaction
Background,interaction
Background,interaction
Background,interaction
Background,interaction
Background,interaction
Background,interaction
Background,interaction
Background,interaction
Background,interaction
Background,interaction
Background,interaction
Background,interaction
Background,interaction
Background,interaction
Background,interaction
Background,interaction
Background,interaction
Background,interaction
Background,interaction
Background,interaction
Background,interaction
Background,interaction
Background,interaction
Background,interaction
Background,interaction
Background,interaction
Background,interaction
Background,interaction
Background,interaction
Background,interaction
Background,interaction
Background,interaction
Background,interaction
Background,interaction
Background,interaction
Background,interaction
Background,interaction
Background,interaction
Background,interaction
Background,interaction
Background,interaction
Background,interaction
Background,interaction
Background,interaction
Background,interaction
Background,interaction
Background,interaction
Background,interaction
Background,interaction
Background,interaction
Background,interaction
Background,interaction
Background,interaction
Background,interaction
Background,interaction
Background,interaction
Background,interaction
Background,interaction
Background,interaction
Background,interaction
Background,interaction
Background,interaction
Background,interaction
Background,interaction
Background,interaction
Background,interaction
Background,interaction
Background,interaction
Background,interaction
Background,interaction
Background,interaction
Background,interaction
Background,interaction
Background,interaction
Background,interaction
Background,interaction
Background,interaction
Background,interaction
Background,interaction
Background,interaction
Background,interaction
Background,interaction
Background,interaction
Background,interaction
Background,interaction
Background,interaction
Background,interaction
Background,interaction
Background,interaction
Background,interaction
Background,interaction
Background,interaction
Background,interaction
Background,interaction
Background,interaction
Background,interaction
Background,interaction
Background,interaction
Background,interaction
Background,interaction
Background,interaction
Background,interaction
Background,interaction
Background,interaction
Background,interaction
Background,interaction
Background,interaction
Background,interaction
Background,interaction
Background,interaction
Background,interaction
Background,interaction
Background,interaction
Background,interaction
Background,interaction
Background,interaction
Background,interaction
Background,interaction
Background,interaction
Background,interaction
Background,interaction
Background,interaction
Background,interaction
Background,interaction
Background,interaction
Background,interaction
Background,interaction
Background,interaction
Background,interaction
Background,interaction
Background,interaction
Background,interaction
Background,interaction
Background,interaction
Background,interaction
Background,interaction
Background,interaction
Background,interaction
Background,interaction
Background,interaction
Background,interaction
Background,interaction
Background,interaction
Background,interaction
Background,interaction
Background,interaction
Background,interaction
Background,interaction
Background,interaction
Background,interaction
Background,interaction
Background,interaction
Background,interaction
Background,interaction
Background,interaction
Background,interaction
Background,interaction
Background,interaction
Background,interaction
Background,interaction
Background,interaction
Background,interaction
Background,interaction
Background,interaction
Background,interaction
Background,interaction
Background,interaction
Background,interaction
Background,interaction
Background,interaction
Background,interaction
Background,interaction
Background,interaction
Background,interaction
Background,interaction
Background,interaction
Background,interaction
Background,interaction
Background,interaction
Background,interaction
Background,interaction
Background,interaction
Background,interaction
Background,interaction
Background,interaction
Background,interaction
Background,interaction
Background,interaction
Background,interaction
Background,interaction
Background,interaction
Background,interaction
Background,interaction
Background,interaction
Background,interaction
Background,interaction
Background,interaction
Background,interaction
Background,interaction
Background,interaction
Background,interaction
Background,interaction
Background,interaction
Background,interaction
Background,interaction
Background,interaction
Background,interaction
Background,interaction
Background,interaction
Background,interaction
Background,interaction
Background,interaction
Background,interaction
Background,interaction
Background,interaction
Background,interaction
Background,interaction
Background,interaction
Background,interaction
Background,interaction
Background,interaction
Background,interaction
Background,interaction
Background,interaction
Background,interaction
Background,interaction
Background,interaction
Background,interaction
Background,interaction
Background,interaction
Background,interaction
Background,interaction
Background,interaction
Background,interaction
Background,interaction
Background,interaction
Background,interaction
Background,interaction
Background,interaction
Background,interaction
Background,interaction
Background,interaction
Background,interaction
Background,interaction
Background,interaction
Background,interaction
Background,interaction
Background,interaction
Background,interaction
Background,interaction
Background,interaction
Background,interaction
Background,interaction
Background,interaction
Background,interaction
Background,interaction
Background,interaction
Background,interaction
Background,interaction
Background,interaction
Background,interaction
Background,interaction
Background,interaction
Background,interaction
Background,interaction
Background,interaction
Background,interaction
Background,interaction
Background,interaction
Background,interaction
Background,interaction
Background,interaction
Background,interaction
Background,interaction
Background,interaction
Background,interaction
Background,interaction
Background,interaction
Background,interaction
Background,interaction
Background,interaction
Background,interaction
Background,interaction
Background,interaction
Background,interaction
Background,interaction
Background,interaction
Background,interaction
Background,interaction
Background,interaction
Background,interaction
Background,interaction
Background,interaction
Background,interaction
Background,interaction
Background,interaction
Background,interaction
Background,interaction
Background,interaction
Background,interaction
Background,interaction
Background,interaction
Background,interaction
Background,interaction
Background,interaction
Background,interaction
Background,interaction
Background,interaction
Background,interaction
Background,interaction
Background,interaction
Background,interaction
Background,interaction
Background,interaction
Background,interaction
Background,interaction
Background,interaction
Background,interaction
Background,interaction
Background,interaction
Background,interaction
Background,interaction
Background,interaction
Background,interaction
Background,interaction
Background,interaction
Background,interaction
Background,interaction
Background,interaction
Background,interaction
Background,interaction
Background,interaction
Background,interaction
Background,interaction
Background,interaction
Background,interaction
Background,interaction
Background,interaction
Background,interaction
Background,interaction
Background,interaction
Background,interaction
Background,interaction
Background,interaction
Background,interaction
Background,interaction
Background,interaction
Background,interaction
Background,interaction
Background,interaction
Background,interaction
Background,interaction
Background,interaction
Background,interaction
Background,interaction
Background,interaction
Background,interaction
Background,interaction
Background,interaction
Background,interaction
Background,interaction
Background,interaction
Background,interaction
Background,interaction
Background,interaction
Background,interaction
Background,interaction
Background,interaction
Background,interaction
Background,interaction
Background,interaction
Background,interaction
Background,interaction
Background,interaction
Background,interaction
Background,interaction
Background,interaction
Background,interaction
Background,interaction
Background,interaction
Background,interaction
Background,interaction
Background,interaction
Background,interaction
Background,interaction
Background,interaction
Background,interaction
Background,interaction
Background,interaction
Background,interaction
Background,interaction
Background,interaction
Background,interaction
Background,interaction
Background,interaction
Background,interaction
Background,interaction
Background,interaction
Background,interaction
Background,interaction
Background,interaction
Background,interaction
Background,interaction
Background,interaction
Background,interaction
Background,interaction
Background,interaction
Background,interaction
Background,interaction
Background,interaction
Background,interaction
Background,interaction
Background,interaction
Background,interaction
Background,interaction
Background,interaction
Background,interaction
Background,interaction
Background,interaction
Background,interaction
Background,interaction
Background,interaction
Background,interaction
Background,interaction
Background,interaction
Background,interaction
Background,interaction
Background,interaction
Background,interaction
Background,interaction
Background,interaction
Background,interaction
Background,interaction
Background,interaction
Background,interaction
Background,interaction
Background,interaction
Background,interaction
Background,interaction
Background,interaction
Background,interaction
Background,interaction
Background,interaction
Background,interaction
Background,interaction
Background,interaction
Background,interaction
Background,interaction
Background,interaction
Background,interaction
Background,interaction
Background,interaction
Background,interaction
Background,interaction
Background,interaction
Background,interaction
Background,interaction
Background,interaction
Background,interaction
Background,interaction
Background,interaction
Background,interaction
Background,interaction
Background,interaction
Background,interaction
Background,interaction
Background,interaction
Background,interaction
Background,interaction
Background,interaction
Background,interaction
Background,interaction
Background,interaction
Background,interaction
Background,interaction
Background,interaction
Background,interaction
Background,interaction
Background,interaction
Background,interaction
Background,interaction
Background,interaction
Background,interaction
Background,interaction
Background,interaction
Background,interaction
Background,interaction
Background,interaction
Background,interaction
Background,interaction
Background,interaction
Background,interaction
Background,interaction
Background,interaction
Background,interaction
Background,interaction
Background,interaction
Background,interaction
Background,interaction
Background,interaction
Background,interaction
Background,interaction
Background,interaction
Background,interaction
Background,interaction
Background,interaction
Background,interaction
Background,interaction
Background,interaction
Background,interaction
Background,interaction
Background,interaction
Background,interaction
Background,interaction
Background,interaction
Background,interaction
Background,interaction
Background,interaction
Background,interaction
Background,interaction
Background,interaction
Background,interaction
Background,interaction
Background,interaction
Background,interaction
Background,interaction
Background,interaction
Background,interaction
Background,interaction
Background,interaction
Background,interaction
Background,interaction
Background,interaction
Background,interaction
Background,interaction
Background,interaction
Background,interaction
Background,interaction
Background,interaction
Background,interaction
Background,interaction
Background,interaction
Background,interaction
Background,interaction
Background,interaction
Background,interaction
Background,interaction
Background,interaction
Background,interaction
Background,interaction
Background,interaction
Background,interaction
Background,interaction
Background,interaction
Background,interaction
Background,interaction
Background,interaction
Background,interaction
Background,interaction
Background,interaction
Background,interaction
Background,interaction
Background,interaction
Background,interaction
Background,interaction
Background,interaction
Background,interaction
Background,interaction
Background,interaction
Background,interaction
Background,interaction
Background,interaction
Background,interaction
Background,interaction
Background,interaction
Background,interaction
Background,interaction
Background,interaction
Background,interaction
Background,interaction
Background,interaction
Background,interaction
Background,interaction
Background,interaction
Background,interaction
Background,interaction
Background,interaction
Background,interaction
Background,interaction
Background,interaction
Background,interaction
Background,interaction
Background,interaction
Background,interaction
Background,interaction
Background,interaction
Background,interaction
Background,interaction
Background,interaction
Background,interaction
Background,interaction
Background,interaction
Background,interaction
Background,interaction
Background,interaction
Background,interaction
Background,interaction
Background,interaction
Background,interaction
Background,interaction
Background,interaction
Background,interaction
Background,interaction
Background,interaction
Background,interaction
Background,interaction
Background,interaction
Background,interaction
Background,interaction
Background,interaction
Background,interaction
Background,interaction
Background,interaction
Background,interaction
Background,interaction
Background,interaction
Background,interaction
Background,interaction
Background,interaction
Background,interaction
Background,interaction
Background,interaction
Background,interaction
Background,interaction
Background,interaction
Background,interaction
Background,interaction
Background,interaction
Background,interaction
Background,interaction
Background,interaction
Background,interaction
Background,interaction
Background,interaction
Background,interaction
Background,interaction
Background,interaction
Background,interaction
Background,interaction
Background,interaction
Background,interaction
Background,interaction
Background,interaction
Background,interaction
Background,interaction
Background,interaction
Background,interaction
Background,interaction
Background,interaction
Background,interaction
Background,interaction
Background,interaction
Background,interaction
Background,interaction
Background,interaction
Background,interaction
Background,interaction
Background,interaction
Background,interaction
Background,interaction
Background,interaction
Background,interaction
Background,interaction
Background,interaction
Background,interaction
Background,interaction
Background,interaction
Background,interaction
Background,interaction
Background,interaction
Background,interaction
Background,interaction
Background,interaction
Background,interaction
Background,interaction
Background,interaction
Background,interaction
Background,interaction
Background,interaction
Background,interaction
Background,interaction
Background,interaction
Background,interaction
Background,interaction
Background,interaction
Background,interaction
Background,interaction
Background,interaction
Background,interaction
Background,interaction
Background,interaction
Background,interaction
Background,interaction
Background,interaction
Background,interaction
Background,interaction
Background,interaction
Background,interaction
Background,interaction
Background,interaction
Background,interaction
Background,interaction
Background,interaction
Background,interaction
Background,interaction
Background,interaction
Background,interaction
Background,interaction
Background,interaction
Background,interaction
Background,interaction
Background,interaction
Background,interaction
Background,interaction
Background,interaction
Background,interaction
Background,interaction
Background,interaction
Background,interaction
Background,interaction
Background,interaction
Background,interaction
Background,interaction
Background,interaction
Background,interaction
Background,interaction
Background,interaction
Background,interaction
Background,interaction
Background,interaction
Background,interaction
Background,interaction
Background,interaction
Background,interaction
Background,interaction
Background,interaction
Background,interaction
Background,interaction
Background,interaction
Background,interaction
Background,interaction
Background,interaction
Background,interaction
Background,interaction
Background,interaction
Background,interaction
Background,interaction
Background,interaction
Background,interaction
Background,interaction
Background,interaction
Background,interaction
Background,interaction
Background,interaction
Background,interaction
Background,interaction
Background,interaction
Background,interaction
Background,interaction
Background,interaction
Background,interaction
Background,interaction
Background,interaction
Background,interaction
Background,interaction
Background,interaction
Background,interaction
Background,interaction
Background,interaction
Background,interaction
Background,interaction
Background,interaction
Background,interaction
Background,interaction
Background,interaction
Background,interaction
Background,interaction
Background,interaction
Background,interaction
Background,interaction
Background,interaction
Background,interaction
Background,interaction
Background,interaction
Background,interaction
Background,interaction
Background,interaction
Background,interaction
Background,interaction
Background,interaction
Background,interaction
Background,interaction
Background,interaction
Background,interaction
Background,interaction
Background,interaction
Background,interaction
Background,interaction
Background,interaction
Background,interaction
Background,interaction
Background,interaction
Background,interaction
Background,interaction
Background,interaction
Background,interaction
Background,interaction
Background,interaction
Background,interaction
Background,interaction
Background,interaction
Background,interaction
Background,interaction
Background,interaction
Background,interaction
Background,interaction
Background,interaction
Background,interaction
Background,interaction
Background,interaction
Background,interaction
Background,interaction
Background,interaction
Background,interaction
Background,interaction
Background,interaction
Background,interaction
Background,interaction
Background,interaction
Background,interaction
Background,interaction
Background,interaction
Background,interaction
Background,interaction
Background,interaction
Background,interaction
Background,interaction
Background,interaction
Background,interaction
Background,interaction
Background,interaction
Background,interaction
Background,interaction
Background,interaction
Background,interaction
Background,interaction
Background,interaction
Background,interaction
Background,interaction
Background,interaction
Background,interaction
Background,interaction
Background,interaction
Background,interaction
Background,interaction
Background,interaction
Background,interaction
Background,interaction
Background,interaction
Background,interaction
Background,interaction
Background,interaction
Background,interaction
Background,interaction
Background,interaction
Background,interaction
Background,interaction
Background,interaction
Background,interaction
Background,interaction
Background,interaction
Background,interaction
Background,interaction
Background,interaction
Background,interaction
Background,interaction
Background,interaction
Background,interaction
Background,interaction
Background,interaction
Background,interaction
Background,interaction
Background,interaction
Background,interaction
Background,interaction
Background,interaction
Background,interaction
Background,interaction
Background,interaction
Background,interaction
Background,interaction
Background,interaction
Background,interaction
Background,interaction
Background,interaction
Background,interaction
Background,interaction
Background,interaction
Background,interaction
Background,interaction
Background,interaction
Background,interaction
Background,interaction
Background,interaction
Background,interaction
Background,interaction
Background,interaction
Background,interaction
Background,interaction
Background,interaction
Background,interaction
Background,interaction
Background,interaction
Background,interaction
Background,interaction
Background,interaction
Background,interaction
Background,interaction
Background,interaction
Background,interaction
Background,interaction
Background,interaction
Background,interaction
Background,interaction
Background,interaction
Background,interaction
Background,interaction
Background,interaction
Background,interaction
Background,interaction
Background,interaction
Background,interaction
Background,interaction
Background,interaction
Background,interaction
Background,interaction
Background,interaction
Background,interaction
Background,interaction
Background,interaction
Background,interaction
Background,interaction
Background,interaction
Background,interaction
Background,interaction
Background,interaction
Background,interaction
Background,interaction
Background,interaction
Background,interaction
Background,interaction
Background,interaction
Background,interaction
Background,interaction
Background,interaction
Background,interaction
Background,interaction
Background,interaction
Background,interaction
Background,interaction
Background,interaction
Background,interaction
Background,interaction
Background,interaction
Background,interaction
Background,interaction
Background,interaction
Background,interaction
Background,interaction
Background,interaction
Background,interaction
Background,interaction
Background,interaction
Background,interaction
Background,interaction
Background,interaction
Background,interaction
Background,interaction
Background,interaction
Background,interaction
Background,interaction
Background,interaction
Background,interaction
Background,interaction
Background,interaction
Background,interaction
Background,interaction
Background,interaction
Background,interaction
Background,interaction
Background,interaction
Background,interaction
Background,interaction
Background,interaction
Background,interaction
Background,interaction
Background,interaction
Background,interaction
Background,interaction
Background,interaction
Background,interaction
Background,interaction
Background,interaction
Background,interaction
Background,interaction
Background,interaction
Background,interaction
Background,interaction
Background,interaction
Background,interaction
Background,interaction
Background,interaction
Background,interaction
Background,interaction
Background,interaction
Background,interaction
Background,interaction
Background,interaction
Background,interaction
Background,interaction
Background,interaction
Background,interaction
Background,interaction
Background,interaction
Background,interaction
Background,interaction
Background,interaction
Background,interaction
Background,interaction
Background,interaction
Background,interaction
Background,interaction
Background,interaction
Background,interaction
Background,interaction
Background,interaction
Background,interaction
Background,interaction
Background,interaction
Background,interaction
Background,interaction
Background,interaction
Background,interaction
Background,interaction
Background,interaction
Background,interaction
Background,interaction
Background,interaction
Background,interaction
Background,interaction
Background,interaction
Background,interaction
Background,interaction
Background,interaction
Background,interaction
Background,interaction
Background,interaction
Background,interaction
Background,interaction
Background,interaction
Background,interaction
Background,interaction
Background,interaction
Background,interaction
Background,interaction
Background,interaction
Background,interaction
Background,interaction
Background,interaction
Background,interaction
Background,interaction
Background,interaction
Background,interaction
Background,interaction
Background,interaction
Background,interaction
Background,interaction
Background,interaction
Background,interaction
Background,interaction
Background,interaction
Background,interaction
Background,interaction
Background,interaction
Background,interaction
Background,interaction
Background,interaction
Background,interaction
Background,interaction
Background,interaction
Background,interaction
Background,interaction
Background,interaction
Background,interaction
Background,interaction
Background,interaction
Background,interaction
Background,interaction
Background,interaction
Background,interaction
Background,interaction
Background,interaction
Background,interaction
Background,interaction
Background,interaction
Background,interaction
Background,interaction
Background,interaction
Background,interaction
Background,interaction
Background,interaction
Background,interaction
Background,interaction
Background,interaction
Background,interaction
Background,interaction
Background,interaction
Background,interaction
Background,interaction
Background,interaction
Background,interaction
Background,interaction
Background,interaction
Background,interaction
Background,interaction
Background,interaction
Background,interaction
Background,interaction
Background,interaction
Background,interaction
Background,interaction
Background,interaction
Background,interaction
Background,interaction
Background,interaction
Background,interaction
Background,interaction
Background,interaction
Background,interaction
Background,interaction
Background,interaction
Background,interaction
Background,interaction
Background,interaction
Background,interaction
Background,interaction
Background,interaction
Background,interaction
Background,interaction
Background,interaction
Background,interaction
Background,interaction
Background,interaction
Background,interaction
Background,interaction
Background,interaction
Background,interaction
Background,interaction
Background,interaction
Background,interaction
Background,interaction
Background,interaction
Background,interaction
Background,interaction
Background,interaction
Background,interaction
Background,interaction
Background,interaction
Background,interaction
Background,interaction
Background,interaction
Background,interaction
Background,interaction
Background,interaction
Background,interaction
Background,interaction
Background,interaction
Background,interaction
Background,interaction
Background,interaction
Background,interaction
Background,interaction
Background,interaction
Background,interaction
Background,interaction
Background,interaction
Background,interaction
Background,interaction
Background,interaction
Background,interaction
Background,interaction
Background,interaction
Background,interaction
Background,interaction
Background,interaction
Background,interaction
Background,interaction
Background,interaction
Background,interaction
Background,interaction
Background,interaction
Background,interaction
Background,interaction
Background,interaction
Background,interaction
Background,interaction
Background,interaction
Background,interaction
Background,interaction
Background,interaction
Background,interaction
Background,interaction
Background,interaction
Background,interaction
Background,interaction
Background,interaction
Background,interaction
Background,interaction
Background,interaction
Background,interaction
Background,interaction
Background,interaction
Background,interaction
Background,interaction
Background,interaction
Background,interaction
Background,interaction
Background,interaction
Background,interaction
Background,interaction
Background,interaction
Background,interaction
Background,interaction
Background,interaction
Background,interaction
Background,interaction
Background,interaction
Background,interaction
Background,interaction
Background,interaction
Background,interaction
Background,interaction
Background,interaction
Background,interaction
Background,interaction
Background,interaction
Background,interaction
Background,interaction
Background,interaction
Background,interaction
Background,interaction
Background,interaction
Background,interaction
Background,interaction
Background,interaction
Background,interaction
Background,interaction
Background,interaction
Background,interaction
Background,interaction
Background,interaction
Background,interaction
Background,interaction
Background,interaction
Background,interaction
Background,interaction
Background,interaction
Background,interaction
Background,interaction
Background,interaction
Background,interaction
Background,interaction
Background,interaction
Background,interaction
Background,interaction
Background,interaction
Background,interaction
Background,interaction
Background,interaction
Background,interaction
Background,interaction
Background,interaction
Background,interaction
Background,interaction
Background,interaction
Background,interaction
Background,interaction
Background,interaction
Background,interaction
Background,interaction
Background,interaction
Background,interaction
Background,interaction
Background,interaction
Background,interaction
Background,interaction
Background,interaction
Background,interaction
Background,interaction
Background,interaction
Background,interaction
Background,interaction
Background,interaction
Background,interaction
Background,interaction
Background,interaction
Background,interaction
Background,interaction
Background,interaction
Background,interaction
Background,interaction
Background,interaction
Background,interaction
Background,interaction
Background,interaction
Background,interaction
Background,interaction
Background,interaction
Background,interaction
Background,interaction
Background,interaction
Background,interaction
Background,interaction
Background,interaction
Background,interaction
Background,interaction
Background,interaction
Background,interaction
Background,interaction
Background,interaction
Background,interaction
Background,interaction
Background,interaction
Background,interaction
Background,interaction
Background,interaction
Background,interaction
Background,interaction
Background,interaction
Background,interaction
Background,interaction
Background,interaction
Background,interaction
Background,interaction
Background,interaction
Background,interaction
Background,interaction
Background,interaction
Background,interaction
Background,interaction
Background,interaction
Background,interaction
Background,interaction
Background,interaction
Background,interaction
Background,interaction
Background,interaction
Background,interaction
Background,interaction
Background,interaction
Background,interaction
Background,interaction
Background,interaction
Background,interaction
Background,interaction
Background,interaction
Background,interaction
Background,interaction
Background,interaction
Background,interaction
Background,interaction
Background,interaction
Background,interaction
Background,interaction
Background,interaction
Background,interaction
Background,interaction
Background,interaction
Background,interaction
Background,interaction
Background,interaction
Background,interaction
Background,interaction
Background,interaction
Background,interaction
Background,interaction
Background,interaction
Background,interaction
Background,interaction
Background,interaction
Background,interaction
Background,background
Background,background
Background,background
Background,background
Background,background
Background,background
Background,background
Background,background
Background,background
Background,background
Background,background
Background,background
Background,background
Background,background
Background,background
Background,background
Background,background
Background,background
Background,background
Background,background
Background,background
Background,background
Background,background
Background,background
Background,background
Background,background
Background,background
Background,background
Background,background
Background,background
Background,background
Background,background
Background,background
Background,background
Background,background
Background,background
Background,background
Background,background
Background,background
Background,background
Background,background
Background,background
Background,background
Background,background
Background,background
Background,background
Background,background
Background,background
Background,background
Background,background
Background,background
Background,background
Background,background
Background,background
Background,background
Background,background
Background,background
Background,background
Background,background
Background,background
Background,background
Background,background
Background,background
Background,background
Background,background
Background,background
Background,background
Background,background
Background,background
Background,background
Background,background
Background,background
Background,background
Background,background
Background,background
Background,background
Background,background
Background,background
Background,background
Background,background
Background,background
Background,background
Background,background
Background,background
Background,background
Background,background
Background,background
Background,background
Background,background
Background,background
Background,background
Background,background
Background,background
Background,background
Background,background
Background,background
Background,background
Background,background
Background,background
Background,background
Background,background
Background,background
Background,background
Background,background
Background,background
Background,background
Background,background
Background,background
Background,background
Background,background
Background,background
Background,background
Background,background
Background,background
Background,background
Background,background
Background,background
Background,background
Background,background
Background,background
Background,background
Background,background
Background,background
Background,background
Background,background
Background,background
Background,background
Background,background
Background,interaction
Background,interaction
Background,interaction
Background,interaction
Background,interaction
Background,interaction
Background,interaction
Background,interaction
Background,interaction
Background,interaction
Background,interaction
Background,interaction
Background,interaction
Background,interaction
Background,interaction
Background,interaction
Background,interaction
Background,interaction
Background,interaction
Background,interaction
Background,interaction
Background,interaction
Background,interaction
Background,interaction
Background,interaction
Background,interaction
Background,interaction
Background,interaction
Background,interaction
Background,interaction
Background,interaction
Background,interaction
Background,interaction
Background,interaction
Background,interaction
Background,interaction
Background,interaction
Background,interaction
Background,interaction
Background,interaction
Background,interaction
Background,background
Background,background
Background,background
Background,background
Background,background
Background,background
Background,background
Background,background
Background,background
Background,background
Background,background
Background,background
Background,background
Background,background
Background,background
Background,background
Background,background
Background,background
Background,background
Background,background
Background,background
Background,background
Background,background
Background,background
Background,background
Background,background
Background,background
Background,background
Background,background
Background,background
Background,background
Background,background
Background,background
Background,background
Background,background
Background,background
Background,background
Background,background
Background,background
Background,background
Background,background
Background,background
Background,background
Background,background
Background,background
Background,background
Background,background
Background,background
Background,background
Background,background
Background,background
Background,background
Background,background
Background,background
Background,background
Background,background
Background,background
Background,background
Background,background
Background,background
Background,background
Background,background
Background,background
Background,background
Background,background
Background,background
Background,background
Background,background
Background,background
Background,background
Background,background
Background,background
Background,background
Background,background
Background,background
Background,background
Background,background
Background,background
Background,background
Background,background
Background,background
Background,background
Background,background
Background,background
Background,background
Background,background
Background,background
Background,background
Background,background
Background,background
Background,background
Background,background
Background,background
Background,background
Background,background
Background,background
Background,background
Background,background
Background,background
Background,background
Background,background
Background,background
Background,background
Background,background
Background,background
Background,background
Background,background
Background,background
Background,background
Background,background
Background,background
Background,background
Background,background
Background,background
Background,background
Background,interaction
Background,interaction
Background,interaction
Background,interaction
Background,interaction
Background,interaction
Background,interaction
Background,interaction
Background,interaction
Background,interaction
Background,interaction
Background,interaction
Background,interaction
Background,interaction
Background,interaction
Background,interaction
Background,interaction
Background,interaction
Background,interaction
Background,interaction
Background,interaction
Background,interaction
Background,interaction
Background,interaction
Background,interaction
Background,interaction
Background,interaction
Background,interaction
Background,interaction
Background,interaction
Background,interaction
Background,interaction
Background,interaction
Background,interaction
Background,interaction
Background,interaction
Background,interaction
Background,interaction
Background,interaction
Background,interaction
Background,interaction
Background,interaction
Background,interaction
Background,interaction
Background,interaction
Background,interaction
Background,interaction
Background,interaction
Background,interaction
Background,interaction
Background,interaction
Background,interaction
Background,interaction
Background,interaction
Background,interaction
Background,interaction
Background,interaction
Background,interaction
Background,interaction
Background,interaction
Background,interaction
Background,interaction
Background,interaction
Background,interaction
Background,interaction
Background,interaction
Background,interaction
Background,interaction
Background,interaction
Background,interaction
Background,interaction
Background,interaction
Background,interaction
Background,interaction
Background,interaction
Background,interaction
Background,interaction
Background,interaction
Background,interaction
Background,interaction
Background,interaction
Background,interaction
Background,interaction
Background,interaction
Background,interaction
Background,interaction
Background,interaction
Background,interaction
Background,interaction
Background,interaction
Background,interaction
Background,interaction
Background,interaction
Background,interaction
Background,interaction
Background,interaction
Background,interaction
Background,interaction
Background,interaction
Background,interaction
Background,interaction
Background,interaction
Background,interaction
Background,interaction
Background,interaction
Background,interaction
Background,interaction
Background,interaction
Background,interaction
Background,interaction
Background,interaction
Background,interaction
Background,interaction
Background,interaction
Background,interaction
Background,interaction
Background,interaction
Background,interaction
Background,interaction
Background,interaction
Background,interaction
Background,interaction
Background,interaction
Background,interaction
Background,interaction
Background,interaction
Background,interaction
Background,interaction
Background,interaction
Background,interaction
Background,interaction
Background,interaction
Background,interaction
Background,interaction
Background,interaction
Background,interaction
Background,interaction
Background,interaction
Background,interaction
Background,interaction
Background,interaction
Background,interaction
Background,interaction
Background,interaction
Background,interaction
Background,interaction
Background,interaction
Background,interaction
Background,interaction
Background,interaction
Background,interaction
Background,interaction
Background,interaction
Background,interaction
Background,interaction
Background,interaction
Background,interaction
Background,interaction
Background,interaction
Background,interaction
Background,interaction
Background,interaction
Background,interaction
Background,interaction
Background,interaction
Background,interaction
Background,interaction
Background,interaction
Background,interaction
Background,interaction
Background,interaction
Background,interaction
Background,interaction
Background,interaction
Background,interaction
Background,interaction
Background,interaction
Background,interaction
Background,interaction
Background,interaction
Background,interaction
Background,interaction
Background,interaction
Background,interaction
Background,interaction
Background,interaction
Background,interaction
Background,interaction
Background,interaction
Background,interaction
Background,interaction
Background,interaction
Background,interaction
Background,interaction
Background,interaction
Background,interaction
Background,interaction
Background,interaction
Background,interaction
Background,interaction
Background,interaction
Background,interaction
Background,interaction
Background,interaction
Background,interaction
Background,interaction
Background,interaction
Background,interaction
Background,interaction
Background,interaction
Background,interaction
Background,interaction
Background,interaction
Background,interaction
Background,interaction
Background,interaction
Background,interaction
Background,interaction
Background,interaction
Background,interaction
Background,interaction
Background,interaction
Background,interaction
Background,interaction
Background,interaction
Background,interaction
Background,interaction
Background,interaction
Background,interaction
Background,interaction
Background,interaction
Background,interaction
Background,interaction
Background,interaction
Background,interaction
Background,interaction
Background,interaction
Background,interaction
Background,interaction
Background,interaction
Background,interaction
Background,interaction
Background,interaction
Background,interaction
Background,interaction
Background,interaction
Background,interaction
Background,interaction
Background,interaction
Background,interaction
Background,interaction
Background,interaction
Background,interaction
Background,interaction
Background,interaction
Background,interaction
Background,interaction
Background,interaction
Background,interaction
Background,interaction
Background,interaction
Background,interaction
Background,interaction
Background,interaction
Background,interaction
Background,interaction
Background,interaction
Background,interaction
Background,interaction
Background,interaction
Background,interaction
Background,interaction
Background,interaction
Background,interaction
Background,interaction
Background,interaction
Background,interaction
Background,interaction
Background,interaction
Background,interaction
Background,interaction
Background,interaction
Background,interaction
Background,interaction
Background,interaction
Background,interaction
Background,interaction
Background,interaction
Background,interaction
Background,interaction
Background,interaction
Background,interaction
Background,interaction
Background,interaction
Background,interaction
Background,interaction
Background,interaction
Background,interaction
Background,interaction
Background,interaction
Background,interaction
Background,interaction
Background,interaction
Background,interaction
Background,interaction
Background,interaction
Background,interaction
Background,interaction
Background,interaction
Background,interaction
Background,interaction
Background,interaction
Background,interaction
Background,interaction
Background,interaction
Background,interaction
Background,interaction
Background,interaction
Background,interaction
Background,interaction
Background,interaction
Background,interaction
Background,interaction
Background,interaction
Background,interaction
Background,interaction
Background,interaction
Background,interaction
Background,interaction
Background,interaction
Background,interaction
Background,interaction
Background,interaction
Background,interaction
Background,interaction
Background,interaction
Background,interaction
Background,interaction
Background,interaction
Background,interaction
Background,interaction
Background,interaction
Background,interaction
Background,interaction
Background,interaction
Background,interaction
Background,interaction
Background,interaction
Background,interaction
Background,interaction
Background,interaction
Background,interaction
Background,interaction
Background,interaction
Background,interaction
Background,interaction
Background,interaction
Background,interaction
Background,interaction
Background,interaction
Background,interaction
Background,interaction
Background,interaction
Background,interaction
Background,interaction
Background,interaction
Background,interaction
Background,interaction
Background,interaction
Background,interaction
Background,interaction
Background,interaction
Background,interaction
Background,interaction
Background,interaction
Background,interaction
Background,interaction
Background,interaction
Background,interaction
Background,interaction
Background,interaction
Background,interaction
Background,interaction
Background,interaction
Background,interaction
Background,interaction
Background,interaction
Background,interaction
Background,interaction
Background,interaction
Background,interaction
Background,interaction
Background,interaction
Background,interaction
Background,interaction
Background,interaction
Background,interaction
Background,interaction
Background,interaction
Background,interaction
Background,interaction
Background,interaction
Background,interaction
Background,interaction
Background,interaction
Background,interaction
Background,interaction
Background,interaction
Background,interaction
Background,interaction
Background,interaction
Background,interaction
Background,interaction
Background,interaction
Background,interaction
Background,interaction
Background,interaction
Background,interaction
Background,interaction
Background,interaction
Background,interaction
Background,interaction
Background,interaction
Background,interaction
Background,interaction
Background,interaction
Background,interaction
Background,interaction
Background,interaction
Background,interaction
Background,interaction
Background,interaction
Background,interaction
Background,interaction
Background,interaction
Background,interaction
Background,interaction
Background,interaction
Background,interaction
Background,interaction
Background,interaction
Background,interaction
Background,interaction
Background,interaction
Background,interaction
Background,interaction
Background,interaction
Background,interaction
Background,interaction
Background,interaction
Background,interaction
Background,interaction
Background,interaction
Background,interaction
Background,interaction
Background,interaction
Background,interaction
Background,interaction
Background,interaction
Background,interaction
Background,interaction
Background,interaction
Background,interaction
Background,interaction
Background,interaction
Background,interaction
Background,interaction
Background,interaction
Background,interaction
Background,interaction
Background,interaction
Background,interaction
Background,interaction
Background,interaction
Background,interaction
Background,interaction
Background,interaction
Background,interaction
Background,interaction
Background,interaction
Background,interaction
Background,interaction
Background,interaction
Background,interaction
Background,interaction
Background,interaction
Background,interaction
Background,interaction
Background,interaction
Background,interaction
Background,interaction
Background,interaction
Background,interaction
Background,interaction
Background,interaction
Background,interaction
Background,interaction
Background,interaction
Background,interaction
Background,interaction
Background,interaction
Background,interaction
Background,interaction
Background,interaction
Background,interaction
Background,interaction
Background,interaction
Background,interaction
Background,interaction
Background,interaction
Background,interaction
Background,interaction
Background,interaction
Background,interaction
Background,interaction
Background,interaction
Background,interaction
Background,interaction
Background,interaction
Background,interaction
Background,interaction
Background,interaction
Background,interaction
Background,interaction
Background,interaction
Background,interaction
Background,interaction
Background,interaction
Background,interaction
Background,interaction
Background,interaction
Background,interaction
Background,interaction
Background,interaction
Background,interaction
Background,interaction
Background,interaction
Background,interaction
Background,interaction
Background,interaction
Background,interaction
Background,interaction
Background,interaction
Background,interaction
Background,interaction
Background,interaction
Background,interaction
Background,interaction
Background,interaction
Background,interaction
Background,interaction
Background,interaction
Background,interaction
Background,interaction
Background,interaction
Background,interaction
Background,interaction
Background,interaction
Background,interaction
Background,interaction
Background,interaction
Background,interaction
Background,interaction
Background,interaction
Background,interaction
Background,interaction
Background,interaction
Background,interaction
Background,interaction
Background,interaction
Background,interaction
Background,background
Background,background
Background,background
Background,background
Background,background
Background,background
Background,background
Background,background
Background,background
Background,background
Background,background
Background,background
Background,background
Background,background
Background,background
Background,background
Background,background
Background,background
Background,background
Background,background
Background,background
Background,background
Background,background
Background,background
Background,background
Background,background
Background,background
Background,background
Background,background
Background,background
Background,background
Background,background
Background,background
Background,background
Background,background
Background,background
Background,background
Background,background
Background,background
Background,background
Background,background
Background,background
Background,background
Background,background
Background,background
Background,background
Background,background
Background,background
Background,background
Background,background
Background,background
Background,background
Background,background
Background,background
Background,background
Background,background
Background,background
Background,background
Background,background
Background,background
Background,background
Background,background
Background,background
Background,background
Background,background
Background,background
Background,background
Background,background
Background,background
Background,background
Background,background
Background,background
Background,background
Background,background
Background,background
Background,background
Background,background
Background,background
Background,background
Background,background
Background,background
Background,background
Background,background
Background,background
Background,background
Background,background
Background,background
Background,background
Background,background
Background,background
Background,background
Background,background
Background,background
Background,background
Background,background
Background,background
Background,background
Background,background
Background,background
Background,background
Background,background
Background,background
Background,background
Background,background
Background,background
Background,background
Background,background
Background,background
Background,background
Background,background
Background,background
Background,background
Background,background
Background,background
Background,background
interaction,background
interaction,background
interaction,background
interaction,background
interaction,background
interaction,background
interaction,background
interaction,background
interaction,background
interaction,interaction
interaction,interaction
interaction,interaction
interaction,interaction
interaction,interaction
interaction,interaction
interaction,interaction
interaction,interaction
interaction,interaction
interaction,interaction
interaction,interaction
interaction,interaction
interaction,interaction
interaction,interaction
interaction,interaction
interaction,interaction
interaction,interaction
interaction,interaction
interaction,interaction
interaction,interaction
interaction,interaction
interaction,interaction
interaction,interaction
interaction,interaction
interaction,interaction
interaction,interaction
interaction,interaction
interaction,interaction
interaction,interaction
interaction,interaction
interaction,interaction
interaction,interaction
interaction,interaction
interaction,interaction
interaction,interaction
interaction,interaction
interaction,interaction
interaction,interaction
interaction,interaction
interaction,interaction
interaction,interaction
interaction,interaction
interaction,interaction
interaction,interaction
interaction,interaction
interaction,interaction
interaction,interaction
interaction,interaction
interaction,interaction
interaction,interaction
interaction,interaction
interaction,interaction
interaction,interaction
interaction,interaction
interaction,interaction
interaction,interaction
interaction,interaction
interaction,interaction
interaction,interaction
interaction,interaction
interaction,interaction
interaction,interaction
interaction,interaction
interaction,interaction
interaction,interaction
interaction,interaction
interaction,interaction
interaction,interaction
interaction,interaction
interaction,interaction
interaction,interaction
interaction,interaction
interaction,interaction
interaction,interaction
interaction,interaction
interaction,interaction
interaction,interaction
interaction,interaction
interaction,interaction
interaction,interaction
interaction,interaction
interaction,interaction
interaction,interaction
interaction,interaction
interaction,interaction
interaction,interaction
interaction,interaction
interaction,interaction
interaction,interaction
Background,interaction
Background,interaction
Background,interaction
Background,interaction
Background,background
Background,background
Background,background
Background,background
Background,background
Background,background
Background,background
Background,background
Background,background
Background,background
Background,background
Background,background
Background,background
Background,background
Background,background
Background,background
Background,background
Background,background
Background,background
Background,background
Background,background
Background,background
Background,background
Background,background
Background,background
Background,background
Background,background
Background,background
Background,background
Background,background
Background,background
Background,background
Background,background
Background,background
Background,background
Background,background
Background,background
Background,background
Background,background
Background,background
Background,background
Background,background
Background,background
Background,background
Background,background
Background,background
Background,background
Background,background
Background,background
Background,background
Background,background
Background,background
Background,interaction
Background,interaction
Background,interaction
Background,interaction
Background,interaction
Background,interaction
Background,interaction
Background,interaction
Background,interaction
Background,interaction
Background,interaction
Background,interaction
Background,interaction
Background,interaction
Background,interaction
Background,interaction
Background,interaction
Background,interaction
Background,interaction
Background,interaction
Background,interaction
Background,interaction
Background,interaction
Background,interaction
Background,interaction
Background,interaction
Background,interaction
Background,interaction
Background,interaction
Background,interaction
Background,interaction
Background,interaction
Background,interaction
Background,interaction
Background,interaction
Background,interaction
Background,interaction
Background,interaction
Background,interaction
Background,interaction
Background,interaction
Background,interaction
Background,interaction
Background,interaction
Background,interaction
Background,interaction
Background,interaction
Background,interaction
Background,interaction
Background,interaction
Background,interaction
Background,interaction
Background,interaction
Background,interaction
Background,interaction
Background,interaction
Background,interaction
Background,background
Background,background
Background,background
Background,background
Background,background
Background,background
Background,background
Background,background
Background,background
Background,background
Background,background
Background,background
Background,background
Background,background
Background,background
Background,background
Background,background
Background,background
Background,background
Background,background
Background,background
Background,background
Background,background
Background,background
Background,background
Background,background
Background,background
Background,background
Background,background
Background,background
Background,background
Background,background
Background,background
Background,background
Background,background
Background,background
Background,background
Background,background
Background,background
Background,background
Background,background
Background,background
Background,background
Background,background
Background,background
Background,background
Background,background
Background,background
Background,background
Background,background
Background,background
Background,background
Background,background
Background,background
Background,background
Background,background
Background,background
Background,background
Background,background
Background,background
Background,background
Background,background
Background,background
Background,background
Background,background
Background,background
Background,background
Background,background
Background,background
Background,background
Background,background
Background,background
Background,background
Background,background
Background,background
Background,background
Background,background
Background,background
Background,background
Background,background
Background,background
Background,background
Background,background
Background,background
Background,background
Background,background
Background,background
Background,background
Background,background
Background,background
Background,background
Background,background
Background,background
Background,background
Background,background
Background,background
Background,background
Background,background
Background,background
Background,background
Background,background
Background,background
Background,background
Background,background
Background,background
Background,background
Background,background
Background,background
Background,background
Background,background
Background,background
Background,background
Background,background
Background,background
Background,background
Background,background
Background,background
Background,background
Background,background
Background,background
Background,background
Background,background
Background,background
Background,background
Background,background
Background,background
Background,background
Background,background
Background,background
Background,background
Background,background
Background,background
Background,background
Background,background
Background,background
Background,background
Background,background
Background,background
Background,background
Background,background
Background,background
Background,background
Background,background
Background,background
Background,background
Background,background
Background,background
Background,background
Background,background
Background,background
Background,background
Background,background
Background,background
Background,background
Background,background
Background,background
Background,background
Background,background
Background,background
Background,background
Background,background
Background,background
Background,background
Background,background
Background,background
Background,background
Background,background
Background,background
Background,background
Background,background
Background,background
Background,background
Background,background
Background,background
Background,background
Background,background
Background,background
Background,background
Background,background
Background,background
Background,background
Background,background
Background,background
Background,background
Background,background
Background,background
Background,background
Background,background
Background,background
Background,background
Background,background
Background,background
Background,background
Background,background
Background,background
Background,background
Background,background
Background,background
Background,background
Background,background
Background,background
Background,background
Background,background
Background,background
Background,background
Background,background
Background,background
Background,background
Background,background
Background,background
Background,background
Background,background
Background,background
Background,background
Background,background
Background,background
Background,background
Background,background
Background,background
Background,background
Background,background
Background,background
Background,background
Background,background
Background,background
Background,background
Background,background
Background,background
Background,background
Background,background
Background,background
Background,background
Background,background
Background,background
Background,background
Background,background
Background,background
Background,background
Background,background
Background,background
Background,background
Background,background
Background,background
Background,background
Background,background
Background,background
Background,background
Background,background
Background,background
Background,background
Background,background
Background,background
Background,background
Background,background
Background,background
Background,background
Background,background
Background,background
Background,background
Background,background
Background,background
Background,background
Background,background
Background,background
Background,background
Background,background
Background,background
Background,background
Background,background
Background,background
Background,background
Background,background
Background,background
Background,background
Background,background
Background,background
Background,background
Background,background
Background,background
Background,background
Background,background
Background,background
Background,background
Background,background
Background,background
Background,background
Background,background
Background,background
Background,background
Background,background
Background,background
Background,background
Background,background
Background,background
Background,background
Background,background
Background,background
Background,background
Background,background
Background,background
Background,background
Background,background
Background,background
Background,background
Background,background
Background,background
Background,background
Background,background
Background,background
Background,background
Background,background
Background,background
Background,background
Background,background
Background,background
Background,background
Background,background
Background,background
Background,background
Background,background
Background,background
Background,background
Background,background
Background,background
Background,background
Background,background
Background,background
Background,background
Background,background
Background,background
Background,background
Background,background
Background,background
Background,background
Background,background
Background,background
Background,background
Background,background
Background,background
Background,background
Background,background
Background,background
Background,background
Background,background
Background,background
Background,background
Background,background
Background,background
Background,background
Background,background
Background,background
Background,background
Background,background
Background,background
Background,background
Background,background
Background,background
Background,background
Background,background
Background,background
Background,background
Background,background
Background,background
Background,background
Background,background
Background,background
Background,background
Background,background
Background,background
Background,background
Background,background
Background,background
Background,background
Background,background
Background,background
Background,background
Background,background
Background,background
Background,background
Background,background
Background,background
Background,background
Background,background
Background,background
Background,background
Background,background
Background,background
Background,background
Background,background
Background,background
Background,background
Background,background
Background,background
Background,background
Background,background
Background,background
Background,background
Background,background
Background,background
Background,background
Background,background
Background,background
Background,background
Background,background
Background,background
Background,background
Background,background
Background,background
Background,background
Background,background
Background,background
Background,background
Background,background
Background,background
Background,background
Background,background
Background,background
Background,background
Background,background
Background,background
Background,background
Background,background
Background,background
Background,background
Background,background
Background,background
Background,background
Background,background
Background,background
Background,background
Background,background
Background,background
Background,background
Background,background
Background,background
Background,background
Background,background
Background,background
Background,background
Background,background
Background,background
Background,background
Background,background
Background,background
Background,background
Background,background
Background,background
Background,background
Background,background
Background,background
Background,background
Background,background
Background,background
Background,background
Background,background
Background,background
Background,background
Background,background
Background,background
Background,background
Background,background
Background,background
Background,background
Background,background
Background,background
Background,background
Background,background
Background,background
Background,background
Background,background
Background,interaction
Background,interaction
Background,interaction
Background,interaction
Background,interaction
interaction,interaction
interaction,interaction
interaction,interaction
interaction,interaction
interaction,interaction
interaction,interaction
interaction,interaction
interaction,interaction
interaction,interaction
interaction,interaction
interaction,interaction
interaction,interaction
interaction,interaction
interaction,interaction
interaction,interaction
interaction,interaction
interaction,interaction
interaction,interaction
interaction,interaction
interaction,interaction
interaction,interaction
interaction,interaction
interaction,interaction
interaction,interaction
interaction,interaction
interaction,interaction
interaction,interaction
interaction,interaction
interaction,interaction
interaction,interaction
interaction,interaction
interaction,interaction
interaction,interaction
interaction,interaction
interaction,interaction
interaction,interaction
interaction,interaction
interaction,interaction
interaction,interaction
interaction,interaction
interaction,interaction
interaction,interaction
interaction,interaction
interaction,interaction
interaction,interaction
interaction,interaction
interaction,interaction
interaction,interaction
interaction,interaction
interaction,interaction
interaction,interaction
interaction,interaction
interaction,interaction
interaction,background
Background,background
Background,background
Background,background
Background,background
Background,background
Background,background
Background,background
Background,background
Background,background
Background,background
Background,background
Background,background
Background,background
Background,background
Background,background
Background,background
Background,background
Background,background
Background,background
Background,background
Background,background
Background,background
Background,background
Background,background
Background,background
Background,background
Background,background
Background,background
Background,background
Background,background
Background,background
Background,background
Background,background
Background,background
Background,background
Background,background
Background,interaction
Background,interaction
Background,interaction
Background,interaction
Background,interaction
Background,interaction
Background,interaction
Background,interaction
Background,interaction
Background,interaction
Background,interaction
Background,interaction
Background,interaction
Background,interaction
Background,interaction
Background,interaction
Background,interaction
Background,interaction
Background,interaction
Background,interaction
Background,interaction
Background,interaction
Background,interaction
Background,interaction
Background,interaction
Background,interaction
Background,interaction
Background,interaction
Background,interaction
Background,interaction
Background,interaction
Background,interaction
Background,interaction
Background,interaction
Background,interaction
Background,interaction
Background,interaction
Background,interaction
Background,interaction
Background,interaction
Background,interaction
Background,interaction
Background,interaction
Background,interaction
Background,interaction
Background,interaction
Background,interaction
Background,interaction
Background,interaction
Background,interaction
Background,interaction
Background,interaction
Background,interaction
Background,interaction
Background,interaction
Background,interaction
Background,interaction
Background,interaction
Background,interaction
Background,interaction
Background,interaction
Background,interaction
Background,interaction
Background,interaction
Background,interaction
Background,interaction
Background,interaction
Background,interaction
Background,interaction
Background,interaction
Background,interaction
Background,interaction
Background,interaction
Background,interaction
Background,interaction
Background,interaction
Background,interaction
Background,interaction
Background,interaction
Background,interaction
Background,interaction
Background,interaction
Background,interaction
Background,interaction
Background,interaction
Background,interaction
Background,interaction
Background,interaction
Background,interaction
Background,interaction
Background,interaction
Background,interaction
Background,interaction
Background,interaction
Background,interaction
Background,interaction
Background,interaction
Background,interaction
Background,interaction
Background,interaction
Background,interaction
Background,interaction
Background,interaction
Background,interaction
Background,interaction
Background,interaction
Background,interaction
Background,interaction
Background,interaction
Background,interaction
Background,interaction
Background,interaction
Background,interaction
Background,interaction
Background,interaction
Background,interaction
Background,interaction
Background,interaction
Background,interaction
Background,interaction
Background,interaction
Background,interaction
Background,interaction
Background,interaction
Background,interaction
Background,interaction
Background,interaction
Background,interaction
Background,interaction
Background,interaction
Background,interaction
Background,interaction
Background,interaction
Background,interaction
Background,interaction
Background,interaction
Background,interaction
Background,interaction
Background,interaction
Background,interaction
Background,interaction
Background,interaction
Background,interaction
Background,interaction
Background,background
Background,background
Background,background
Background,background
Background,background
Background,background
Background,background
Background,background
Background,background
Background,background
Background,background
Background,background
Background,background
Background,background
Background,background
Background,background
Background,background
Background,background
Background,background
Background,background
Background,background
Background,background
Background,background
Background,background
Background,background
Background,background
Background,background
Background,background
Background,background
Background,background
Background,background
Background,background
Background,background
Background,background
Background,background
Background,background
Background,background
Background,background
Background,background
Background,background
Background,background
Background,background
Background,background
Background,background
Background,background
Background,background
Background,background
Background,background
Background,background
Background,background
Background,background
Background,background
Background,background
Background,background
Background,background
Background,background
Background,background
Background,background
Background,background
Background,background
Background,background
Background,background
Background,background
Background,background
Background,background
Background,background
Background,background
Background,background
Background,interaction
Background,interaction
Background,interaction
Background,interaction
Background,interaction
Background,interaction
Background,interaction
Background,interaction
Background,interaction
Background,interaction
Background,interaction
Background,interaction
Background,interaction
Background,interaction
Background,interaction
Background,interaction
Background,interaction
Background,interaction
Background,interaction
Background,interaction
Background,interaction
Background,interaction
Background,interaction
Background,interaction
Background,interaction
Background,interaction
Background,interaction
Background,interaction
Background,interaction
Background,interaction
Background,interaction
Background,interaction
Background,interaction
Background,interaction
interaction,interaction
interaction,interaction
interaction,interaction
interaction,interaction
interaction,interaction
interaction,interaction
interaction,interaction
interaction,interaction
interaction,interaction
interaction,interaction
interaction,interaction
interaction,interaction
interaction,interaction
interaction,interaction
interaction,interaction
interaction,interaction
interaction,interaction
interaction,interaction
interaction,interaction
interaction,interaction
interaction,interaction
interaction,interaction
interaction,interaction
interaction,interaction
interaction,interaction
interaction,interaction
interaction,interaction
interaction,interaction
interaction,interaction
interaction,interaction
interaction,interaction
interaction,interaction
interaction,interaction
interaction,interaction
interaction,interaction
interaction,interaction
interaction,interaction
interaction,interaction
interaction,interaction
interaction,interaction
interaction,interaction
interaction,interaction
interaction,interaction
interaction,interaction
interaction,interaction
interaction,interaction
interaction,interaction
interaction,interaction
interaction,interaction
interaction,interaction
interaction,interaction
interaction,interaction
interaction,interaction
interaction,interaction
interaction,interaction
interaction,interaction
interaction,interaction
interaction,interaction
interaction,interaction
interaction,interaction
interaction,interaction
interaction,interaction
interaction,interaction
interaction,interaction
interaction,interaction
interaction,interaction
interaction,interaction
interaction,interaction
interaction,interaction
interaction,interaction
interaction,interaction
interaction,interaction
interaction,interaction
interaction,interaction
interaction,interaction
interaction,interaction
interaction,interaction
interaction,interaction
interaction,interaction
interaction,interaction
interaction,interaction
interaction,interaction
interaction,interaction
interaction,interaction
interaction,interaction
interaction,interaction
interaction,interaction
interaction,interaction
interaction,interaction
interaction,interaction
interaction,interaction
interaction,interaction
interaction,interaction
interaction,interaction
interaction,interaction
interaction,interaction
interaction,interaction
interaction,interaction
interaction,interaction
interaction,interaction
interaction,interaction
interaction,interaction
interaction,interaction
interaction,interaction
interaction,interaction
interaction,interaction
interaction,interaction
interaction,interaction
interaction,interaction
interaction,interaction
interaction,interaction
interaction,interaction
interaction,interaction
interaction,interaction
interaction,interaction
interaction,interaction
interaction,interaction
interaction,interaction
interaction,interaction
interaction,interaction
interaction,interaction
interaction,interaction
interaction,interaction
interaction,interaction
interaction,interaction
interaction,interaction
interaction,interaction
interaction,interaction
interaction,interaction
interaction,interaction
interaction,interaction
interaction,interaction
interaction,interaction
interaction,interaction
interaction,interaction
interaction,interaction
interaction,interaction
interaction,interaction
interaction,interaction
interaction,interaction
interaction,interaction
interaction,interaction
interaction,interaction
interaction,interaction
interaction,interaction
interaction,interaction
interaction,interaction
interaction,interaction
interaction,interaction
interaction,interaction
interaction,interaction
interaction,interaction
interaction,interaction
interaction,interaction
interaction,interaction
interaction,interaction
interaction,interaction
interaction,interaction
interaction,interaction
interaction,interaction
interaction,interaction
interaction,interaction
interaction,interaction
interaction,interaction
interaction,interaction
interaction,interaction
interaction,interaction
interaction,interaction
interaction,interaction
interaction,interaction
interaction,interaction
interaction,interaction
interaction,interaction
interaction,interaction
interaction,interaction
interaction,interaction
interaction,interaction
interaction,interaction
interaction,interaction
interaction,interaction
interaction,interaction
interaction,interaction
interaction,interaction
interaction,interaction
interaction,interaction
interaction,interaction
interaction,interaction
interaction,interaction
interaction,interaction
interaction,interaction
interaction,interaction
interaction,interaction
interaction,interaction
interaction,interaction
interaction,interaction
interaction,interaction
interaction,interaction
interaction,interaction
interaction,interaction
interaction,interaction
interaction,interaction
interaction,interaction
interaction,interaction
interaction,interaction
interaction,interaction
interaction,interaction
interaction,interaction
interaction,interaction
interaction,interaction
interaction,interaction
interaction,interaction
interaction,interaction
interaction,interaction
interaction,interaction
interaction,interaction
interaction,interaction
interaction,interaction
interaction,interaction
interaction,interaction
interaction,interaction
interaction,interaction
interaction,interaction
interaction,interaction
interaction,interaction
interaction,interaction
interaction,interaction
interaction,interaction
interaction,interaction
interaction,interaction
interaction,interaction
interaction,interaction
interaction,interaction
interaction,interaction
interaction,interaction
interaction,interaction
interaction,interaction
interaction,interaction
interaction,interaction
interaction,interaction
interaction,interaction
interaction,interaction
interaction,interaction
interaction,interaction
interaction,interaction
interaction,interaction
interaction,interaction
interaction,interaction
interaction,interaction
interaction,interaction
interaction,interaction
interaction,interaction
interaction,interaction
interaction,interaction
interaction,interaction
interaction,interaction
interaction,interaction
interaction,interaction
interaction,interaction
interaction,interaction
interaction,interaction
interaction,interaction
interaction,interaction
interaction,interaction
interaction,interaction
interaction,interaction
interaction,interaction
interaction,interaction
interaction,interaction
interaction,interaction
interaction,interaction
interaction,interaction
interaction,interaction
interaction,interaction
interaction,interaction
interaction,interaction
interaction,interaction
interaction,interaction
interaction,interaction
interaction,interaction
interaction,interaction
interaction,interaction
interaction,interaction
interaction,interaction
interaction,interaction
interaction,interaction
interaction,interaction
interaction,interaction
interaction,interaction
interaction,interaction
interaction,interaction
interaction,interaction
interaction,interaction
interaction,interaction
interaction,interaction
interaction,interaction
interaction,interaction
interaction,interaction
interaction,interaction
interaction,interaction
interaction,interaction
interaction,interaction
interaction,interaction
interaction,interaction
interaction,interaction
interaction,interaction
interaction,interaction
interaction,interaction
interaction,interaction
interaction,interaction
interaction,interaction
interaction,interaction
interaction,interaction
interaction,interaction
interaction,interaction
interaction,interaction
interaction,interaction
interaction,interaction
interaction,interaction
interaction,interaction
interaction,interaction
interaction,interaction
interaction,interaction
interaction,interaction
interaction,interaction
interaction,interaction
interaction,interaction
interaction,interaction
interaction,interaction
interaction,interaction
interaction,interaction
interaction,interaction
interaction,interaction
interaction,interaction
interaction,interaction
interaction,interaction
interaction,interaction
interaction,interaction
interaction,interaction
interaction,interaction
interaction,interaction
interaction,interaction
interaction,interaction
interaction,interaction
interaction,interaction
interaction,interaction
interaction,interaction
interaction,interaction
interaction,interaction
interaction,interaction
interaction,interaction
interaction,interaction
interaction,interaction
interaction,interaction
interaction,interaction
interaction,interaction
interaction,interaction
interaction,interaction
interaction,interaction
interaction,interaction
interaction,interaction
interaction,interaction
interaction,interaction
interaction,interaction
interaction,interaction
interaction,interaction
interaction,interaction
interaction,interaction
interaction,interaction
interaction,interaction
interaction,interaction
interaction,interaction
interaction,interaction
interaction,interaction
interaction,interaction
interaction,interaction
interaction,interaction
interaction,interaction
interaction,interaction
interaction,interaction
interaction,interaction
interaction,interaction
interaction,interaction
interaction,interaction
interaction,interaction
interaction,interaction
interaction,interaction
interaction,interaction
interaction,interaction
interaction,interaction
interaction,interaction
interaction,interaction
interaction,interaction
interaction,interaction
interaction,interaction
interaction,interaction
interaction,interaction
interaction,interaction
interaction,interaction
interaction,interaction
interaction,interaction
interaction,interaction
interaction,interaction
interaction,interaction
interaction,interaction
interaction,interaction
interaction,interaction
interaction,interaction
interaction,interaction
interaction,interaction
interaction,interaction
interaction,background
interaction,background
interaction,background
interaction,background
interaction,background
interaction,background
interaction,background
interaction,background
interaction,background
interaction,background
interaction,background
interaction,background
interaction,background
interaction,background
interaction,background
interaction,background
interaction,background
interaction,background
interaction,background
interaction,background
interaction,background
interaction,background
interaction,background
interaction,background
interaction,background
interaction,background
interaction,background
interaction,background
interaction,background
interaction,background
interaction,background
interaction,background
interaction,background
interaction,background
interaction,background
interaction,background
interaction,background
interaction,background
interaction,background
interaction,background
interaction,background
interaction,background
interaction,background
interaction,background
interaction,background
interaction,background
interaction,background
interaction,background
interaction,background
interaction,background
interaction,background
interaction,background
interaction,background
interaction,background
Background,background
Background,background
Background,background
Background,background
Background,background
Background,background
Background,background
Background,background
Background,background
Background,background
Background,background
Background,background
Background,background
Background,background
Background,background
Background,background
Background,background
Background,background
Background,background
Background,background
Background,background
Background,background
Background,background
Background,background
Background,background
Background,background
Background,background
Background,background
Background,background
Background,background
Background,background
Background,background
Background,background
Background,background
Background,background
Background,background
Background,background
Background,background
Background,background
Background,background
Background,background
Background,background
Background,background
Background,background
Background,background
Background,background
Background,background
Background,background
Background,background
Background,background
Background,background
Background,background
Background,background
Background,background
Background,background
Background,background
Background,background
Background,background
Background,background
Background,background
Background,background
Background,background
Background,background
Background,background
Background,background
Background,background
Background,background
Background,background
Background,background
Background,background
Background,background
Background,background
Background,background
Background,background
Background,background
Background,background
Background,background
Background,background
Background,background
Background,background
Background,background
Background,background
Background,background
Background,background
Background,background
Background,background
Background,background
Background,background
Background,background
Background,background
Background,background
Background,background
Background,background
Background,background
Background,background
Background,background
Background,background
Background,background
Background,background
Background,background
Background,background
Background,background
Background,background
Background,background
Background,background
Background,background
Background,background
Background,background
Background,background
Background,background
Background,background
Background,background
Background,background
Background,background
Background,background
Background,background
Background,background
Background,background
Background,background
Background,background
Background,background
Background,background
Background,background
Background,background
Background,background
Background,background
Background,background
Background,background
Background,background
Background,background
Background,background
Background,background
Background,background
Background,background
Background,background
Background,background
Background,background
Background,background
Background,background
Background,background
Background,background
Background,background
Background,background
Background,background
Background,background
Background,background
Background,background
Background,background
Background,background
Background,background
Background,background
Background,background
Background,background
Background,background
Background,background
Background,background
Background,background
Background,background
Background,background
Background,background
Background,background
Background,background
Background,background
Background,background
Background,background
Background,background
Background,background
Background,background
Background,background
Background,background
Background,background
Background,background
Background,background
Background,background
Background,background
Background,background
Background,background
Background,background
Background,background
Background,background
Background,background
Background,background
Background,background
Background,background
Background,background
Background,background
Background,background
Background,background
Background,background
Background,background
Background,background
Background,background
Background,background
Background,background
Background,background
Background,background
Background,background
Background,background
Background,background
Background,background
Background,background
Background,background
Background,background
Background,background
Background,background
Background,background
Background,background
Background,background
Background,background
Background,background
Background,background
Background,background
Background,background
Background,background
Background,background
Background,background
Background,background
Background,background
Background,background
Background,background
Background,background
Background,background
Background,background
Background,background
Background,background
Background,background
Background,background
Background,background
Background,background
Background,background
Background,background
Background,background
Background,background
Background,background
Background,background
Background,background
Background,background
Background,background
Background,background
Background,background
Background,background
Background,background
Background,background
Background,background
Background,background
Background,background
Background,background
Background,background
Background,background
Background,background
Background,background
Background,background
Background,background
Background,background
Background,background
Background,background
Background,background
Background,background
Background,background
Background,background
Background,background
Background,background
Background,background
Background,background
Background,background
Background,background
Background,background
Background,background
Background,background
Background,background
Background,background
Background,background
Background,background
Background,background
Background,background
Background,background
Background,background
Background,background
Background,background
Background,background
Background,background
Background,background
Background,background
Background,background
Background,background
Background,background
Background,background
Background,background
Background,background
Background,background
Background,background
Background,background
Background,background
Background,background
Background,background
Background,background
Background,background
Background,background
Background,background
Background,background
Background,background
Background,background
Background,background
Background,background
Background,background
Background,background
Background,background
Background,background
Background,background
Background,background
Background,background
Background,background
Background,background
Background,background
Background,background
Background,background
Background,background
Background,background
Background,background
Background,background
Background,background
Background,background
Background,background
Background,background
Background,background
Background,background
Background,background
Background,background
Background,background
Background,background
Background,background
Background,background
Background,background
Background,background
Background,background
Background,background
Background,background
Background,background
Background,background
Background,background
Background,background
Background,background
Background,background
Background,background
Background,background
Background,background
Background,background
Background,background
Background,background
Background,background
Background,background
Background,background
Background,background
Background,background
Background,background
Background,background
Background,background
Background,background
Background,background
Background,background
Background,background
Background,background
Background,background
Background,background
Background,background
Background,background
Background,background
Background,background
Background,background
Background,background
Background,background
Background,background
Background,background
Background,background
Background,background
Background,background
Background,background
Background,background
Background,background
Background,background
Background,background
Background,background
Background,background
Background,background
Background,background
Background,background
Background,background
Background,background
Background,background
Background,background
Background,background
Background,background
Background,background
Background,background
Background,background
Background,background
Background,background
Background,background
Background,background
Background,background
Background,background
Background,background
Background,background
Background,background
Background,background
Background,background
Background,background
Background,background
Background,background
Background,background
Background,background
Background,background
Background,background
Background,background
Background,background
Background,background
Background,background
Background,background
Background,background
Background,background
Background,background
Background,background
Background,background
Background,background
Background,background
Background,background
Background,background
Background,background
Background,background
Background,background
Background,background
Background,background
Background,background
Background,background
Background,background
Background,background
Background,background
Background,background
Background,background
Background,background
Background,background
Background,background
Background,background
Background,background
Background,background
Background,background
Background,background
Background,background
Background,background
Background,background
Background,background
Background,background
Background,background
Background,background
Background,background
Background,background
Background,background
Background,background
Background,background
Background,background
Background,background
Background,background
Background,background
Background,background
Background,background
Background,background
Background,background
Background,background
Background,background
Background,background
Background,background
Background,background
Background,background
Background,background
Background,background
Background,background
Background,background
Background,background
Background,background
Background,background
Background,background
Background,background
Background,background
Background,background
Background,background
Background,background
Background,background
Background,background
Background,background
Background,background
Background,background
Background,background
Background,background
Background,background
Background,background
Background,background
Background,background
Background,background
Background,background
Background,background
Background,background
Background,background
Background,background
Background,background
Background,background
Background,background
Background,background
Background,background
Background,background
Background,background
Background,background
Background,background
Background,background
Background,background
Background,background
Background,background
Background,interaction
Background,interaction
Background,interaction
Background,interaction
Background,interaction
Background,interaction
Background,interaction
Background,interaction
Background,interaction
Background,interaction
Background,interaction
Background,interaction
Background,interaction
Background,interaction
Background,interaction
Background,interaction
Background,interaction
Background,interaction
Background,interaction
Background,interaction
Background,interaction
Background,interaction
Background,interaction
Background,interaction
Background,interaction
Background,interaction
Background,interaction
Background,interaction
Background,interaction
Background,interaction
Background,interaction
Background,interaction
Background,interaction
Background,interaction
Background,interaction
Background,interaction
Background,interaction
Background,interaction
Background,interaction
Background,interaction
Background,interaction
Background,interaction
Background,interaction
Background,interaction
Background,interaction
Background,interaction
Background,interaction
Background,interaction
Background,interaction
Background,interaction
Background,interaction
Background,interaction
Background,interaction
Background,interaction
Background,interaction
Background,interaction
Background,interaction
Background,interaction
Background,interaction
Background,interaction
Background,interaction
Background,interaction
Background,interaction
Background,interaction
Background,interaction
Background,interaction
Background,interaction
Background,interaction
Background,interaction
Background,interaction
Background,interaction
Background,interaction
Background,interaction
Background,interaction
Background,interaction
Background,interaction
Background,interaction
Background,interaction
Background,interaction
Background,interaction
Background,interaction
Background,interaction
Background,interaction
Background,interaction
Background,interaction
Background,interaction
Background,interaction
Background,interaction
Background,interaction
Background,interaction
Background,interaction
Background,background
Background,background
Background,background
Background,background
Background,background
Background,background
Background,background
Background,background
Background,background
Background,background
Background,background
Background,background
Background,background
Background,background
Background,background
Background,background
Background,background
Background,background
Background,background
Background,background
Background,background
Background,background
Background,background
Background,background
Background,background
Background,background
Background,background
Background,background
Background,background
Background,background
Background,background
Background,background
Background,background
Background,background
Background,background
Background,background
Background,background
Background,background
Background,background
Background,background
Background,background
Background,background
Background,background
Background,background
Background,background
Background,background
Background,background
Background,background
Background,background
Background,background
Background,background
Background,background
Background,background
Background,background
Background,background
Background,background
Background,background
Background,background
Background,background
Background,background
Background,background
Background,background
Background,background
Background,background
Background,background
Background,background
Background,background
Background,background
Background,background
Background,background
Background,background
Background,background
Background,background
Background,background
Background,background
Background,background
Background,background
Background,background
Background,background
Background,background
Background,background
Background,background
Background,background
Background,background
Background,background
Background,background
Background,background
Background,background
Background,background
Background,background
Background,background
Background,background
Background,background
Background,background
Background,background
Background,background
Background,background
Background,background
Background,background
Background,background
Background,background
Background,background
Background,background
Background,background
Background,background
Background,background
Background,background
Background,background
Background,background
Background,background
Background,background
Background,background
Background,background
Background,background
Background,background
Background,background
Background,background
Background,background
Background,background
Background,background
Background,background
Background,background
Background,background
Background,background
Background,background
Background,background
Background,background
Background,background
Background,background
Background,background
Background,background
Background,background
Background,background
Background,background
Background,background
Background,background
Background,background
Background,background
Background,background
Background,background
Background,background
Background,background
Background,background
Background,background
Background,background
Background,background
Background,background
Background,background
Background,background
Background,background
Background,background
Background,background
Background,background
Background,background
Background,background
Background,background
Background,background
Background,background
Background,background
Background,background
Background,background
Background,background
Background,background
Background,background
Background,background
Background,background
Background,background
Background,background
Background,background
Background,background
Background,background
Background,background
Background,background
Background,background
Background,background
Background,background
Background,background
Background,background
Background,background
Background,background
Background,background
Background,background
Background,background
Background,background
Background,background
Background,background
Background,background
Background,background
Background,background
Background,background
Background,background
Background,background
Background,background
Background,background
Background,background
Background,background
Background,background
Background,background
Background,background
Background,background
Background,background
Background,background
Background,background
Background,background
Background,background
Background,background
Background,background
Background,background
Background,background
Background,background
Background,background
Background,background
Background,background
Background,background
Background,background
Background,background
Background,background
Background,background
Background,background
Background,background
Background,background
Background,background
Background,background
Background,background
Background,background
Background,background
Background,background
Background,background
Background,background
Background,background
Background,background
Background,background
Background,background
Background,background
Background,background
Background,background
Background,background
Background,background
Background,background
Background,background
Background,background
Background,background
Background,background
Background,background
Background,background
Background,background
Background,background
Background,background
Background,background
Background,background
Background,background
Background,background
Background,background
Background,background
Background,background
Background,background
Background,background
Background,background
Background,background
Background,background
Background,background
Background,background
Background,background
Background,background
Background,background
Background,background
Background,background
Background,background
Background,background
Background,background
Background,background
Background,background
Background,background
Background,background
Background,background
Background,background
Background,background
Background,background
Background,background
Background,background
Background,background
Background,background
Background,background
Background,background
Background,background
Background,background
Background,background
Background,background
Background,background
Background,background
Background,background
Background,background
Background,background
Background,background
Background,background
Background,background
Background,background
Background,background
Background,background
Background,background
Background,background
Background,background
Background,background
Background,background
Background,background
Background,background
Background,background
Background,background
Background,interaction
Background,interaction
Background,interaction
Background,interaction
Background,interaction
Background,interaction
Background,interaction
Background,interaction
Background,interaction
Background,interaction
Background,interaction
Background,interaction
Background,interaction
Background,interaction
Background,interaction
Background,interaction
Background,interaction
Background,interaction
Background,interaction
Background,interaction
Background,interaction
Background,interaction
Background,interaction
Background,interaction
Background,interaction
Background,interaction
Background,interaction
Background,interaction
Background,interaction
Background,interaction
Background,interaction
Background,interaction
Background,interaction
Background,interaction
Background,interaction
Background,interaction
Background,interaction
Background,interaction
Background,interaction
Background,interaction
Background,interaction
Background,interaction
Background,interaction
Background,interaction
Background,interaction
Background,interaction
Background,interaction
Background,interaction
Background,background
Background,background
Background,background
Background,background
Background,background
Background,background
Background,background
Background,background
Background,background
Background,background
Background,background
Background,background
Background,background
Background,background
Background,background
Background,background
Background,background
Background,background
Background,background
Background,background
Background,background
Background,background
Background,background
Background,background
Background,background
Background,background
Background,background
Background,background
Background,background
Background,background
Background,background
Background,background
Background,background
Background,background
Background,background
Background,background
Background,background
Background,background
Background,background
Background,background
Background,background
Background,background
Background,background
Background,background
Background,background
Background,background
Background,background
Background,background
Background,background
Background,background
Background,background
Background,background
Background,background
Background,background
Background,background
Background,background
Background,background
Background,background
Background,background
Background,background
Background,background
Background,background
Background,background
Background,background
Background,background
Background,background
Background,background
Background,background
Background,background
Background,background
Background,background
Background,background
Background,background
Background,background
Background,background
Background,background
Background,background
Background,background
Background,background
Background,background
Background,background
Background,background
Background,background
Background,background
Background,background
Background,background
Background,background
Background,background
Background,background
Background,background
Background,background
Background,background
Background,background
Background,background
Background,background
Background,background
Background,background
Background,background
Background,background
Background,background
Background,background
Background,background
Background,background
Background,background
Background,background
Background,background
Background,background
Background,background
Background,background
Background,background
Background,background
Background,background
Background,background
Background,background
Background,background
Background,background
Background,background
Background,background
Background,background
Background,background
Background,background
Background,background
Background,background
Background,background
Background,background
Background,background
Background,background
Background,background
Background,background
Background,background
Background,background
Background,background
Background,background
Background,background
Background,background
Background,background
Background,background
Background,background
Background,background
Background,background
Background,background
Background,background
Background,background
Background,background
Background,background
Background,background
Background,background
Background,background
Background,background
Background,background
Background,background
Background,background
Background,background
Background,background
Background,background
Background,background
Background,background
Background,background
Background,background
Background,background
Background,background
Background,background
Background,background
Background,background
Background,background
Background,background
Background,background
Background,background
Background,background
Background,background
Background,background
Background,background
Background,background
Background,background
Background,background
Background,background
Background,background
Background,background
Background,background
Background,background
Background,background
Background,background
Background,background
Background,background
Background,background
Background,background
Background,background
Background,background
Background,background
Background,background
Background,background
Background,background
Background,background
Background,background
Background,background
Background,background
Background,background
Background,background
Background,background
Background,background
Background,background
Background,background
Background,background
Background,background
Background,background
Background,background
Background,background
Background,background
Background,background
Background,background
Background,background
Background,background
Background,background
Background,background
Background,background
Background,background
Background,background
Background,background
Background,background
Background,background
Background,background
Background,background
Background,background
Background,background
Background,background
Background,background
Background,background
Background,background
Background,background
Background,background
Background,background
Background,background
Background,background
Background,background
Background,background
Background,background
Background,background
Background,background
Background,background
Background,background
Background,background
Background,background
Background,background
Background,background
Background,background
Background,background
Background,background
Background,background
Background,background
Background,background
Background,background
Background,background
Background,background
Background,background
Background,background
Background,background
Background,background
Background,background
Background,background
Background,background
Background,background
Background,background
Background,background
Background,background
Background,background
Background,background
Background,background
Background,background
Background,background
Background,background
Background,background
Background,background
Background,background
Background,background
Background,background
Background,background
Background,background
Background,background
Background,background
Background,background
Background,background
Background,background
Background,background
Background,background
Background,background
Background,background
Background,background
Background,background
Background,background
Background,background
Background,background
Background,background
Background,background
Background,background
Background,background
Background,background
Background,background
Background,background
Background,background
Background,background
Background,background
Background,background
Background,background
Background,background
Background,background
Background,background
Background,background
Background,background
Background,background
Background,background
Background,background
Background,background
Background,background
Background,background
Background,background
Background,background
Background,background
Background,background
Background,background
Background,background
Background,background
Background,background
Background,background
Background,background
Background,background
Background,background
Background,background
Background,background
Background,background
Background,background
Background,background
Background,background
Background,background
Background,background
Background,background
Background,background
Background,background
Background,background
Background,background
Background,background
Background,background
Background,background
Background,background
Background,background
Background,background
Background,background
Background,background
Background,background
Background,background
Background,background
Background,background
Background,background
Background,background
Background,background
Background,background
Background,background
Background,background
Background,background
Background,background
Background,background
Background,background
Background,background
Background,background
Background,background
Background,background
Background,background
Background,background
Background,background
Background,background
Background,background
Background,background
Background,background
Background,background
Background,background
Background,background
Background,background
Background,background
Background,background
Background,background
Background,background
Background,background
Background,background
Background,background
Background,background
Background,background
Background,background
Background,background
Background,background
Background,background
Background,background
Background,background
Background,background
Background,background
Background,background
Background,background
Background,background
Background,background
Background,background
Background,background
Background,background
Background,background
Background,background
Background,background
Background,background
Background,background
Background,background
Background,background
Background,background
Background,background
Background,background
Background,background
Background,background
Background,background
Background,background
Background,background
Background,background
Background,background
Background,background
Background,background
Background,background
Background,background
Background,background
Background,background
Background,background
Background,background
Background,background
Background,background
Background,background
Background,background
Background,background
Background,background
Background,background
Background,background
Background,background
Background,background
Background,background
Background,background
Background,background
Background,background
Background,background
Background,background
Background,background
Background,background
Background,background
Background,background
Background,background
Background,background
Background,background
Background,background
Background,background
Background,background
Background,background
Background,background
Background,background
Background,background
Background,background
Background,background
Background,background
Background,background
Background,background
Background,background
Background,background
Background,background
Background,background
Background,background
Background,background
Background,background
Background,background
Background,background
Background,background
Background,background
Background,background
Background,background
Background,background
Background,background
Background,background
Background,background
Background,background
Background,background
Background,background
Background,background
Background,background
Background,background
Background,background
Background,background
Background,background
Background,background
Background,background
Background,background
Background,background
Background,background
Background,background
Background,background
Background,background
Background,background
Background,background
Background,background
Background,background
Background,background
Background,background
Background,background
Background,background
Background,background
Background,background
Background,background
Background,background
Background,background
Background,background
Background,background
Background,background
Background,background
Background,background
Background,background
Background,background
Background,background
Background,background
Background,background
Background,background
Background,background
Background,background
Background,background
Background,background
Background,background
Background,background
Background,background
Background,background
Background,background
Background,background
Background,background
Background,background
Background,background
Background,background
Background,background
Background,background
Background,background
Background,background
Background,background
Background,background
Background,background
Background,background
Background,background
Background,background
Background,background
Background,background
Background,background
Background,background
Background,background
Background,background
Background,background
Background,background
Background,background
Background,background
Background,background
Background,background
Background,background
Background,background
Background,background
Background,background
Background,background
Background,background
Background,background
Background,background
Background,background
Background,background
Background,background
Background,background
Background,background
Background,background
Background,background
Background,background
Background,background
Background,background
Background,background
Background,background
Background,background
Background,background
Background,background
Background,background
Background,background
Background,background
Background,background
Background,background
Background,background
Background,background
Background,background
Background,background
Background,background
Background,background
Background,background
Background,background
Background,background
Background,background
Background,background
Background,background
Background,background
Background,background
Background,background
Background,background
Background,background
Background,background
Background,background
Background,background
Background,background
Background,background
Background,background
Background,background
Background,background
Background,background
Background,background
Background,background
Background,background
Background,background
Background,background
Background,background
Background,background
Background,background
Background,background
Background,background
Background,background
Background,background
Background,background
Background,background
Background,background
Background,background
Background,background
Background,background
Background,background
Background,background
Background,background
Background,background
Background,background
Background,background
Background,background
Background,background
Background,background
Background,background
Background,background
Background,background
Background,background
Background,background
Background,background
Background,background
Background,background
Background,background
Background,background
Background,background
Background,background
Background,background
Background,background
Background,background
Background,background
Background,background
Background,background
Background,background
Background,background
Background,background
Background,background
Background,background
Background,background
Background,background
Background,background
Background,background
Background,background
Background,background
Background,background
Background,background
Background,background
Background,background
Background,background
Background,background
Background,background
Background,background
Background,background
Background,background
Background,background
Background,background
Background,background
Background,background
Background,background
Background,background
Background,background
Background,background
Background,background
Background,background
Background,background
Background,background
Background,background
Background,background
Background,background
Background,background
Background,background
Background,background
Background,background
Background,background
Background,background
Background,background
Background,background
Background,background
Background,background
Background,background
Background,background
Background,background
Background,background
Background,background
Background,background
Background,background
Background,background
Background,background
Background,background
Background,background
Background,background
Background,background
Background,background
Background,background
Background,background
Background,background
Background,background
Background,background
Background,background
Background,background
Background,background
Background,background
Background,background
Background,background
Background,background
Background,background
Background,background
Background,background
Background,background
Background,background
Background,background
Background,background
Background,background
Background,background
Background,background
Background,background
Background,background
Background,background
Background,background
Background,background
Background,background
Background,background
Background,background
Background,background
Background,background
Background,background
Background,background
Background,background
Background,background
Background,background
Background,background
Background,background
Background,background
Background,background
Background,background
Background,background
Background,background
Background,background
Background,background
Background,background
Background,background
Background,background
Background,background
Background,background
Background,background
Background,background
Background,background
Background,background
Background,background
Background,background
Background,background
Background,background
Background,background
Background,background
Background,background
Background,background
Background,background
Background,background
Background,background
Background,background
Background,background
Background,background
Background,background
Background,background
Background,background
Background,background
Background,background
Background,background
Background,background
Background,background
Background,background
Background,background
Background,background
Background,background
Background,background
Background,background
Background,background
Background,background
Background,background
Background,background
Background,background
Background,background
Background,background
Background,background
Background,background
Background,background
Background,background
Background,background
Background,background
Background,background
Background,background
Background,background
Background,background
Background,background
Background,background
Background,background
Background,background
Background,background
Background,background
Background,background
Background,background
Background,background
Background,background
Background,background
Background,background
Background,interaction
Background,interaction
Background,interaction
Background,interaction
Background,interaction
Background,interaction
Background,interaction
Background,interaction
Background,interaction
Background,interaction
Background,interaction
Background,interaction
Background,interaction
Background,interaction
Background,interaction
Background,interaction
Background,interaction
Background,interaction
Background,interaction
Background,interaction
Background,interaction
Background,interaction
Background,interaction
Background,interaction
Background,interaction
Background,interaction
Background,interaction
Background,interaction
Background,interaction
Background,interaction
Background,interaction
Background,interaction
Background,interaction
Background,interaction
Background,interaction
Background,interaction
Background,interaction
Background,interaction
Background,interaction
Background,interaction
Background,interaction
Background,interaction
Background,interaction
Background,interaction
Background,interaction
Background,interaction
Background,interaction
Background,interaction
Background,interaction
Background,interaction
Background,interaction
Background,interaction
Background,interaction
Background,interaction
Background,interaction
Background,interaction
Background,interaction
Background,interaction
Background,interaction
Background,interaction
Background,interaction
Background,interaction
Background,interaction
Background,interaction
Background,interaction
Background,interaction
Background,interaction
Background,interaction
Background,interaction
Background,interaction
Background,interaction
Background,interaction
Background,interaction
Background,interaction
Background,interaction
Background,interaction
Background,interaction
Background,interaction
Background,interaction
Background,interaction
Background,interaction
Background,interaction
Background,interaction
Background,interaction
Background,interaction
Background,interaction
Background,interaction
Background,interaction
Background,interaction
Background,interaction
Background,interaction
Background,interaction
Background,interaction
Background,interaction
Background,interaction
Background,interaction
Background,interaction
Background,interaction
Background,interaction
Background,interaction
Background,interaction
Background,interaction
Background,interaction
Background,interaction
Background,interaction
Background,interaction
Background,interaction
Background,interaction
Background,interaction
Background,interaction
Background,interaction
Background,interaction
Background,interaction
Background,interaction
Background,interaction
Background,interaction
Background,interaction
Background,interaction
Background,interaction
Background,interaction
Background,interaction
Background,interaction
Background,interaction
Background,interaction
Background,interaction
Background,interaction
Background,interaction
Background,interaction
Background,interaction
Background,interaction
Background,interaction
Background,interaction
Background,interaction
Background,interaction
Background,interaction
Background,interaction
Background,interaction
Background,interaction
Background,interaction
Background,interaction
Background,interaction
Background,interaction
Background,interaction
Background,interaction
Background,interaction
Background,interaction
Background,interaction
Background,interaction
Background,interaction
Background,interaction
Background,interaction
Background,interaction
Background,interaction
Background,background
Background,background
Background,background
Background,background
Background,background
Background,background
Background,background
Background,background
Background,background
Background,background
Background,background
Background,background
Background,background
Background,background
Background,background
Background,background
Background,background
Background,background
Background,background
Background,background
Background,background
Background,background
Background,background
Background,background
Background,background
Background,background
Background,background
Background,background
Background,background
Background,background
Background,background
Background,background
Background,background
Background,background
Background,background
Background,background
Background,background
Background,background
Background,background
Background,background
Background,background
Background,background
Background,background
Background,background
Background,background
Background,background
Background,background
Background,background
Background,background
Background,background
Background,background
Background,background
Background,background
Background,background
Background,background
Background,background
Background,background
Background,background
Background,background
Background,background
Background,background
Background,background
Background,background
Background,background
Background,background
Background,background
Background,background
Background,background
Background,background
Background,background
Background,background
Background,background
Background,background
Background,background
Background,background
Background,background
Background,background
Background,background
Background,background
Background,background
Background,background
Background,background
Background,background
Background,background
Background,background
Background,background
Background,background
Background,background
Background,background
Background,background
Background,background
Background,background
Background,background
Background,background
Background,background
Background,background
Background,background
Background,background
Background,background
Background,background
Background,background
Background,background
Background,background
Background,background
Background,background
Background,background
Background,background
Background,background
Background,background
Background,background
Background,background
Background,background
Background,background
Background,background
Background,background
Background,background
Background,background
Background,background
Background,background
Background,background
Background,background
Background,background
Background,background
Background,background
Background,background
Background,background
Background,background
Background,background
Background,background
Background,background
Background,background
Background,background
Background,background
Background,background
Background,background
Background,background
Background,background
Background,background
Background,background
Background,background
Background,background
Background,background
Background,background
Background,background
Background,background
Background,background
Background,background
Background,background
Background,background
Background,background
Background,background
Background,background
Background,background
Background,background
Background,background
Background,background
Background,background
Background,background
Background,background
Background,background
Background,background
Background,background
Background,background
Background,background
Background,background
Background,background
Background,background
Background,background
Background,background
Background,background
Background,background
Background,background
Background,background
Background,background
Background,background
Background,background
Background,background
Background,background
Background,background
Background,background
Background,background
Background,background
Background,background
Background,background
Background,background
Background,background
Background,background
Background,background
Background,background
Background,background
Background,background
Background,background
Background,background
Background,background
Background,background
Background,background
Background,background
Background,background
Background,background
Background,background
Background,background
Background,background
Background,background
Background,background
Background,background
Background,background
Background,background
Background,background
Background,background
Background,background
Background,background
Background,background
Background,background
Background,background
Background,background
Background,background
Background,background
Background,background
Background,background
Background,background
Background,background
Background,background
Background,background
Background,background
Background,background
Background,background
Background,background
Background,background
Background,background
Background,background
Background,background
Background,background
Background,background
Background,background
Background,background
Background,background
Background,background
Background,background
Background,background
Background,background
Background,background
Background,background
Background,background
Background,background
Background,background
Background,background
Background,background
Background,background
Background,background
Background,background
Background,background
Background,background
Background,background
Background,background
Background,background
Background,background
Background,background
Background,background
Background,background
Background,background
Background,background
Background,background
Background,background
Background,background
Background,background
Background,background
Background,background
Background,background
Background,background
Background,background
Background,background
Background,background
Background,background
Background,background
Background,background
Background,background
Background,background
Background,background
Background,background
Background,background
Background,background
Background,background
Background,background
Background,background
Background,background
Background,background
Background,background
Background,background
Background,background
Background,background
Background,background
Background,background
Background,background
Background,background
Background,background
Background,background
Background,background
Background,background
Background,background
Background,background
Background,background
Background,background
Background,background
Background,background
Background,background
Background,background
Background,background
Background,background
Background,background
Background,background
Background,background
Background,background
Background,background
Background,background
Background,background
Background,background
Background,background
Background,background
Background,background
Background,background
Background,background
Background,background
Background,background
Background,background
Background,background
Background,background
Background,background
Background,background
Background,background
Background,background
Background,background
Background,background
Background,background
Background,background
Background,background
Background,background
Background,background
Background,background
Background,background
Background,background
Background,background
Background,background
Background,background
Background,background
Background,background
Background,background
Background,background
Background,background
Background,background
Background,background
Background,background
Background,background
Background,background
Background,background
Background,background
Background,background
Background,background
Background,background
Background,background
Background,background
Background,background
Background,background
Background,background
Background,background
Background,background
Background,background
Background,background
Background,background
Background,background
Background,background
Background,background
Background,background
Background,background
Background,background
Background,background
Background,background
Background,background
Background,background
Background,background
Background,background
Background,background
Background,background
Background,background
Background,background
Background,background
Background,background
Background,background
Background,background
Background,background
Background,background
Background,background
Background,background
Background,background
Background,background
Background,background
Background,background
Background,background
Background,background
Background,background
Background,background
Background,background
Background,background
Background,background
Background,background
Background,background
Background,background
Background,background
Background,background
Background,background
Background,background
Background,background
Background,background
Background,background
Background,background
Background,background
Background,background
Background,background
Background,background
Background,background
Background,background
Background,background
Background,background
Background,background
Background,background
Background,background
Background,background
Background,background
Background,background
Background,background
Background,background
Background,background
Background,background
Background,background
Background,background
Background,background
Background,background
Background,background
Background,background
Background,background
Background,background
Background,background
Background,background
Background,background
Background,background
Background,background
Background,background
Background,background
Background,background
Background,background
Background,background
Background,background
Background,background
Background,background
Background,background
Background,background
Background,background
Background,background
Background,background
Background,background
Background,background
Background,background
Background,background
Background,background
Background,background
Background,background
Background,background
Background,background
Background,background
Background,background
Background,background
Background,background
Background,background
Background,background
Background,background
Background,background
Background,background
Background,background
Background,background
Background,background
Background,background
Background,background
Background,background
Background,background
Background,background
Background,background
Background,background
Background,background
Background,background
Background,background
Background,background
Background,background
Background,background
Background,background
Background,background
Background,background
Background,background
Background,background
Background,background
Background,background
Background,background
Background,background
Background,background
Background,background
Background,background
Background,background
Background,background
Background,background
Background,background
Background,background
Background,background
Background,background
Background,background
Background,background
Background,background
Background,background
Background,background
Background,background
Background,background
Background,background
Background,background
Background,background
Background,background
Background,background
Background,background
Background,background
Background,background
Background,background
Background,background
Background,background
Background,background
Background,background
Background,background
Background,background
Background,background
Background,background
Background,background
Background,background
Background,background
Background,background
Background,background
Background,background
Background,background
Background,background
Background,background
Background,background
Background,background
Background,background
Background,background
Background,background
Background,background
Background,background
Background,background
Background,background
Background,background
Background,background
Background,background
Background,background
Background,background
Background,background
Background,background
Background,background
Background,background
Background,background
Background,background
Background,background
Background,background
Background,background
Background,background
Background,background
Background,background
Background,background
Background,background
Background,background
Background,background
Background,background
Background,background
Background,background
Background,background
Background,background
Background,background
Background,background
Background,background
Background,background
Background,background
Background,background
Background,background
Background,background
Background,background
Background,background
Background,background
Background,background
Background,background
Background,background
Background,background
Background,background
Background,background
Background,background
Background,background
Background,background
Background,background
Background,background
Background,background
Background,background
Background,background
Background,background
Background,background
Background,background
Background,background
Background,background
Background,background
Background,background
Background,background
Background,background
Background,background
Background,background
Background,background
Background,background
Background,background
Background,background
Background,background
Background,background
Background,background
Background,background
Background,background
Background,background
Background,background
Background,background
Background,background
Background,background
Background,background
Background,background
Background,background
Background,background
Background,background
Background,background
Background,background
Background,background
Background,background
Background,background
Background,background
Background,background
Background,background
Background,background
Background,background
Background,background
Background,background
Background,background
Background,background
Background,background
Background,background
Background,background
Background,background
Background,background
Background,background
Background,background
Background,background
Background,background
Background,background
Background,background
Background,background
Background,background
Background,background
Background,background
Background,background
Background,background
Background,background
Background,background
Background,background
Background,background
Background,background
Background,background
Background,background
Background,background
Background,background
Background,background
Background,background
Background,background
Background,background
Background,background
Background,background
Background,background
Background,background
Background,background
Background,background
Background,background
Background,background
Background,background
Background,background
Background,background
Background,background
Background,background
Background,background
Background,background
Background,background
Background,background
Background,background
Background,background
Background,background
Background,background
Background,background
Background,background
Background,background
Background,background
Background,background
Background,background
Background,background
Background,background
Background,background
Background,background
Background,background
Background,background
Background,background
Background,background
Background,background
Background,background
Background,background
Background,background
Background,background
Background,background
Background,background
Background,background
Background,background
Background,background
Background,background
Background,background
Background,background
Background,background
Background,background
Background,background
Background,background
Background,background
Background,background
Background,background
Background,background
Background,background
Background,background
Background,background
Background,background
Background,background
Background,background
Background,background
Background,background
Background,background
Background,background
Background,background
Background,background
Background,background
Background,background
Background,background
Background,background
Background,background
Background,background
Background,background
Background,background
Background,background
Background,background
Background,background
Background,background
Background,background
Background,background
Background,background
Background,background
Background,background
Background,background
Background,background
Background,background
Background,background
Background,background
Background,background
Background,background
Background,background
Background,background
Background,background
Background,background
Background,background
Background,background
Background,background
Background,background
Background,background
Background,background
Background,background
Background,background
Background,background
Background,background
Background,background
Background,background
Background,background
Background,background
Background,background
Background,background
Background,background
Background,background
Background,background
Background,background
Background,background
Background,background
Background,background
Background,background
Background,background
Background,background
Background,background
Background,background
Background,background
Background,background
Background,background
Background,background
Background,background
Background,background
Background,background
Background,background
Background,background
Background,background
Background,background
Background,background
Background,background
Background,background
Background,background
Background,background
Background,background
Background,background
Background,background
Background,background
Background,background
Background,background
Background,background
Background,background
Background,background
Background,background
Background,background
Background,background
Background,background
Background,background
Background,background
Background,background
Background,background
Background,background
Background,background
Background,background
Background,background
Background,background
Background,background
Background,background
Background,background
Background,background
Background,background
Background,background
Background,background
Background,background
Background,background
Background,background
Background,background
Background,background
Background,background
Background,background
Background,background
Background,background
Background,background
Background,background
Background,background
Background,background
Background,background
Background,background
Background,background
Background,background
Background,background
Background,background
Background,background
Background,background
Background,background
Background,background
Background,background
Background,background
Background,background
Background,background
Background,background
Background,background
Background,background
Background,background
Background,background
Background,background
Background,background
Background,background
Background,background
Background,background
Background,background
Background,background
Background,background
Background,background
Background,background
Background,background
Background,background
Background,background
Background,background
Background,background
Background,background
Background,background
Background,background
Background,background
Background,background
Background,background
Background,background
Background,background
Background,background
Background,background
Background,background
Background,background
Background,background
Background,background
Background,background
Background,background
Background,background
Background,background
Background,background
Background,background
Background,background
Background,background
Background,background
Background,background
Background,background
Background,background
Background,background
Background,background
Background,background
Background,background
Background,background
Background,background
Background,background
Background,background
Background,background
Background,background
Background,background
Background,background
Background,background
Background,background
Background,background
Background,background
Background,background
Background,background
Background,background
Background,background
Background,background
Background,background
Background,background
Background,background
Background,background
Background,background
Background,background
Background,background
Background,background
Background,background
Background,background
Background,background
Background,background
Background,background
Background,background
Background,background
Background,background
Background,background
Background,background
Background,background
Background,background
Background,background
Background,background
Background,background
Background,background
Background,background
Background,background
Background,background
Background,background
Background,background
Background,background
Background,background
Background,background
Background,background
Background,background
Background,background
Background,background
Background,background
Background,background
Background,background
Background,background
Background,background
Background,background
Background,background
Background,background
Background,background
Background,background
Background,background
Background,background
Background,background
Background,background
Background,background
Background,background
Background,background
Background,background
Background,background
Background,background
Background,background
Background,background
Background,background
Background,background
Background,background
Background,background
Background,background
Background,background
Background,background
Background,background
Background,background
Background,background
Background,background
Background,background
Background,background
Background,background
Background,background
Background,background
Background,background
Background,background
Background,background
Background,background
Background,background
Background,background
Background,background
Background,background
Background,background
Background,background
Background,background
Background,background
Background,background
Background,background
Background,background
Background,background
Background,background
Background,background
Background,background
Background,background
Background,background
Background,background
Background,background
Background,background
Background,background
Background,background
Background,background
Background,background
Background,background
Background,background
Background,background
Background,background
Background,background
Background,background
Background,background
Background,background
Background,background
Background,background
Background,background
Background,background
Background,background
Background,background
Background,background
Background,background
Background,background
Background,background
Background,background
Background,background
Background,background
Background,background
Background,background
Background,background
Background,background
Background,background
Background,background
Background,background
Background,background
Background,background
Background,background
Background,background
Background,background
Background,background
Background,background
Background,background
Background,background
Background,background
Background,background
Background,background
Background,background
Background,background
Background,background
Background,background
Background,background
Background,background
Background,background
Background,background
Background,background
Background,background
Background,background
Background,background
Background,background
Background,background
Background,background
Background,background
Background,background
Background,background
Background,background
Background,background
Background,background
Background,background
Background,background
Background,background
Background,background
Background,background
Background,background
Background,background
Background,background
Background,background
Background,background
Background,background
Background,background
Background,background
Background,background
Background,background
Background,background
Background,background
Background,background
Background,background
Background,background
Background,background
Background,background
Background,background
Background,background
Background,background
Background,background
Background,background
Background,background
Background,background
Background,background
Background,background
Background,background
Background,background
Background,background
Background,background
Background,background
Background,background
Background,background
Background,background
Background,background
Background,background
Background,background
Background,background
Background,background
Background,background
Background,background
Background,background
Background,background
Background,background
Background,background
Background,background
Background,background
Background,background
Background,background
Background,background
Background,background
Background,background
Background,background
Background,background
Background,background
Background,background
Background,background
Background,background
Background,background
Background,background
Background,background
Background,background
Background,background
Background,background
Background,background
Background,background
Background,background
Background,background
Background,background
Background,background
Background,background
Background,background
Background,background
Background,background
Background,background
Background,background
Background,background
Background,background
Background,background
Background,background
Background,background
Background,background
Background,background
Background,background
Background,background
Background,background
Background,background
Background,background
Background,background
Background,background
Background,background
Background,background
Background,background
Background,background
Background,background
Background,background
Background,background
Background,background
Background,background
Background,background
Background,background
Background,background
Background,background
Background,background
Background,background
Background,background
Background,background
Background,background
Background,background
Background,background
Background,background
Background,background
Background,background
Background,background
Background,background
Background,background
Background,background
Background,background
Background,background
Background,background
Background,background
Background,background
Background,background
Background,background
Background,background
Background,background
Background,background
Background,background
Background,background
Background,background
Background,background
Background,background
Background,background
Background,background
Background,background
Background,background
Background,background
Background,background
Background,background
Background,background
Background,background
Background,background
Background,background
Background,background
Background,background
Background,background
Background,background
Background,background
Background,background
Background,background
Background,background
Background,background
Background,background
Background,background
Background,background
Background,background
Background,background
Background,background
Background,background
Background,background
Background,background
Background,background
Background,background
Background,background
Background,background
Background,background
Background,background
Background,background
Background,background
Background,background
Background,background
Background,background
Background,background
Background,background
Background,background
Background,background
Background,background
Background,background
Background,background
Background,background
Background,background
Background,background
Background,background
Background,background
Background,background
Background,background
Background,background
Background,background
Background,background
Background,background
Background,background
Background,background
Background,background
Background,background
Background,background
Background,background
Background,background
Background,background
Background,background
Background,background
Background,background
Background,background
Background,background
Background,background
Background,background
Background,background
Background,background
Background,background
Background,background
Background,background
Background,background
Background,background
Background,background
Background,background
Background,background
Background,background
Background,background
Background,background
Background,background
Background,background
Background,background
Background,background
Background,background
Background,background
Background,background
Background,background
Background,background
Background,background
Background,background
Background,background
Background,background
Background,background
Background,background
Background,background
Background,background
Background,background
Background,background
Background,background
Background,background
Background,background
Background,background
Background,background
Background,background
Background,background
Background,background
Background,background
Background,background
Background,background
Background,background
Background,background
Background,background
Background,background
Background,background
Background,background
Background,background
Background,background
Background,background
Background,background
Background,background
Background,background
Background,background
Background,background
Background,background
Background,background
Background,background
Background,background
Background,background
Background,background
Background,background
Background,background
Background,background
Background,background
Background,background
Background,background
Background,background
Background,background
Background,background
Background,background
Background,background
Background,background
Background,background
Background,background
Background,background
Background,background
Background,background
Background,background
Background,background
Background,background
Background,background
Background,background
Background,background
Background,background
Background,background
Background,background
Background,background
Background,background
Background,background
Background,background
Background,background
Background,background
Background,background
Background,background
Background,background
Background,background
Background,background
Background,background
Background,background
Background,background
Background,background
Background,background
Background,background
Background,background
Background,background
Background,background
Background,background
Background,background
Background,background
Background,background
Background,background
Background,background
Background,background
Background,background
Background,background
Background,background
Background,background
Background,background
Background,background
Background,background
Background,background
Background,background
Background,background
Background,background
Background,background
Background,background
Background,background
Background,background
Background,background
Background,background
Background,background
Background,background
Background,background
Background,background
Background,background
Background,background
Background,background
Background,background
Background,background
Background,background
Background,background
Background,background
Background,background
Background,background
Background,background
Background,background
Background,background
Background,background
Background,background
Background,background
Background,background
Background,background
Background,background
Background,background
Background,background
Background,background
Background,background
Background,background
Background,background
Background,background
Background,background
Background,background
Background,background
Background,background
Background,background
Background,background
Background,background
Background,background
Background,background
Background,background
Background,background
Background,background
Background,background
Background,background
Background,background
Background,background
Background,background
Background,background
Background,background
Background,background
Background,background
Background,background
Background,background
Background,background
Background,background
Background,background
Background,background
Background,background
Background,background
Background,background
Background,background
Background,background
Background,background
Background,background
Background,background
Background,background
Background,background
Background,background
Background,background
Background,background
Background,background
Background,background
Background,background
Background,background
Background,background
Background,background
Background,background
Background,background
Background,background
Background,background
Background,background
Background,background
Background,background
Background,background
Background,background
Background,background
Background,background
Background,background
Background,background
Background,background
Background,background
Background,background
Background,background
Background,background
Background,background
Background,background
Background,background
Background,background
Background,background
Background,background
Background,background
Background,background
Background,background
Background,background
Background,background
Background,background
Background,background
Background,background
Background,background
Background,background
Background,background
Background,background
Background,background
Background,background
Background,background
Background,background
Background,background
Background,background
Background,background
Background,background
Background,background
Background,background
Background,background
Background,background
Background,background
Background,background
Background,background
Background,background
Background,background
Background,background
Background,background
Background,background
Background,background
Background,background
Background,background
Background,background
Background,background
Background,background
Background,background
Background,background
Background,background
Background,background
Background,background
Background,background
Background,background
Background,background
Background,background
Background,background
Background,background
Background,background
Background,background
Background,background
Background,background
Background,background
Background,background
Background,background
Background,background
Background,background
Background,background
Background,background
Background,background
Background,background
Background,background
Background,background
Background,background
Background,background
Background,background
Background,background
Background,background
Background,background
Background,background
Background,background
Background,background
Background,background
Background,background
Background,background
Background,background
Background,background
Background,background
Background,background
Background,background
Background,background
Background,background
Background,background
Background,background
Background,background
Background,background
Background,background
Background,background
Background,background
Background,background
Background,background
Background,background
Background,background
Background,background
Background,background
Background,background
Background,background
Background,background
Background,background
Background,background
Background,background
Background,background
Background,background
Background,background
Background,background
Background,background
Background,background
Background,background
Background,background
Background,background
Background,background
Background,background
Background,background
Background,background
Background,background
Background,background
Background,background
Background,background
Background,background
Background,background
Background,background
Background,background
Background,background
Background,background
Background,background
Background,background
Background,background
Background,background
Background,background
Background,background
Background,background
Background,background
Background,background
Background,background
Background,background
Background,background
Background,background
Background,background
Background,background
Background,background
Background,background
Background,background
Background,background
Background,background
Background,background
Background,background
Background,background
Background,background
Background,background
Background,background
Background,background
Background,background
Background,background
Background,background
Background,background
Background,background
Background,background
Background,background
Background,background
Background,background
Background,background
Background,background
Background,background
Background,background
Background,background
Background,background
Background,background
Background,background
Background,background
Background,background
Background,background
Background,background
Background,background
Background,background
Background,background
Background,background
Background,background
Background,background
Background,background
Background,background
Background,background
Background,background
Background,background
Background,background
Background,background
Background,background
Background,background
Background,background
Background,background
Background,background
Background,background
Background,background
Background,background
Background,background
Background,background
Background,background
Background,background
Background,background
Background,background
Background,background
Background,background
Background,background
Background,background
Background,background
Background,background
Background,background
Background,background
Background,background
Background,background
Background,background
Background,background
Background,background
Background,background
Background,background
Background,background
Background,background
Background,background
Background,background
Background,background
Background,background
Background,background
Background,background
Background,background
Background,background
Background,background
Background,background
Background,background
Background,background
Background,background
Background,background
Background,background
Background,background
Background,background
Background,background
Background,background
Background,background
Background,background
Background,background
Background,background
Background,background
Background,background
Background,background
Background,background
Background,background
Background,background
Background,background
Background,background
Background,background
Background,background
Background,background
Background,background
Background,background
Background,background
Background,background
Background,background
Background,background
Background,background
Background,background
Background,background
Background,background
Background,background
Background,background
Background,background
Background,background
Background,background
Background,background
Background,background
Background,background
Background,background
Background,background
Background,background
Background,background
Background,background
Background,background
Background,background
Background,background
Background,background
Background,background
Background,background
Background,background
Background,background
Background,background
Background,background
Background,background
Background,background
Background,background
Background,background
Background,background
Background,background
Background,background
Background,background
Background,background
Background,background
Background,background
Background,background
Background,background
Background,background
Background,background
Background,background
Background,background
Background,background
Background,background
Background,background
Background,background
Background,background
Background,background
Background,background
Background,background
Background,background
Background,background
Background,background
Background,background
Background,background
Background,background
Background,background
Background,background
Background,background
Background,background
Background,background
Background,background
Background,background
Background,background
Background,background
Background,background
Background,background
Background,background
Background,background
Background,background
Background,background
Background,background
Background,background
Background,background
Background,background
Background,background
Background,background
Background,background
Background,background
Background,background
Background,background
Background,background
Background,background
Background,background
Background,background
Background,background
Background,background
Background,background
Background,background
Background,background
Background,background
Background,background
Background,background
Background,background
Background,background
Background,background
Background,background
Background,background
Background,background
Background,background
Background,background
Background,background
Background,background
Background,background
Background,background
Background,background
Background,background
Background,background
Background,background
Background,background
Background,background
Background,background
Background,background
Background,background
Background,background
Background,background
Background,background
Background,background
Background,background
Background,background
Background,background
Background,background
Background,background
Background,background
Background,background
Background,background
Background,background
Background,background
Background,background
Background,background
Background,background
Background,background
Background,background
Background,background
Background,background
Background,background
Background,background
Background,background
Background,background
Background,background
Background,background
Background,background
Background,background
Background,background
Background,background
Background,background
Background,background
Background,background
Background,background
Background,background
Background,background
Background,background
Background,background
Background,background
Background,background
Background,background
Background,background
Background,background
Background,background
Background,background
Background,background
Background,background
Background,background
Background,background
Background,background
Background,background
Background,background
Background,background
Background,background
Background,background
Background,background
Background,background
Background,background
Background,background
Background,background
Background,background
Background,background
Background,background
Background,background
Background,background
Background,background
Background,background
Background,background
Background,background
Background,background
Background,background
Background,background
Background,background
Background,background
Background,background
Background,background
Background,background
Background,background
Background,background
Background,background
Background,background
Background,background
Background,background
Background,background
Background,background
Background,background
Background,background
Background,background
Background,background
Background,background
Background,background
Background,background
Background,background
Background,background
Background,background
Background,background
Background,background
Background,background
Background,background
Background,background
Background,background
Background,background
Background,background
Background,background
Background,background
Background,background
Background,background
Background,background
Background,background
Background,background
Background,background
Background,background
Background,background
Background,background
Background,background
Background,background
Background,background
Background,background
Background,background
Background,background
Background,background
Background,background
Background,background
Background,background
Background,background
Background,background
Background,background
Background,background
Background,background
Background,background
Background,background
Background,background
Background,background
Background,background
Background,background
Background,background
Background,background
Background,background
Background,background
Background,background
Background,background
Background,background
Background,background
Background,background
Background,background
Background,background
Background,background
Background,background
Background,background
Background,background
Background,background
Background,background
Background,background
Background,background
Background,background
Background,background
Background,background
Background,background
Background,background
Background,background
Background,background
Background,background
Background,background
Background,background
Background,background
Background,background
Background,background
Background,background
Background,background
Background,background
Background,background
Background,background
Background,background
Background,background
Background,background
Background,background
Background,background
Background,background
Background,background
Background,background
Background,background
Background,background
Background,background
Background,background
Background,background
Background,background
Background,background
Background,background
Background,background
Background,background
Background,background
Background,background
Background,background
Background,background
Background,background
Background,background
Background,background
Background,background
Background,background
Background,background
Background,background
Background,background
Background,background
Background,background
Background,background
Background,background
Background,background
Background,background
Background,background
Background,background
Background,background
Background,background
Background,background
Background,background
Background,background
Background,background
Background,background
Background,background
Background,background
Background,background
Background,background
Background,background
Background,background
Background,background
Background,background
Background,background
Background,background
Background,background
Background,background
Background,background
Background,background
Background,background
Background,background
Background,background
Background,background
Background,background
Background,background
Background,background
Background,background
Background,background
Background,background
Background,background
Background,background
Background,background
Background,background
Background,background
Background,background
Background,background
Background,background
Background,background
Background,background
Background,background
Background,background
Background,background
Background,background
Background,background
Background,background
Background,background
Background,background
Background,background
Background,background
Background,background
Background,background
Background,background
Background,background
Background,background
Background,background
Background,background
Background,background
Background,background
Background,background
Background,background
Background,background
Background,background
Background,background
Background,background
Background,background
Background,background
Background,background
Background,background
Background,background
Background,background
Background,background
Background,background
Background,background
Background,background
Background,background
Background,background
Background,background
Background,background
Background,background
Background,background
Background,background
Background,background
Background,background
Background,background
Background,background
Background,background
Background,background
Background,background
Background,background
Background,background
Background,background
Background,background
Background,background
Background,background
Background,background
Background,background
Background,background
Background,background
Background,background
Background,background
Background,background
Background,background
Background,background
Background,background
Background,background
Background,background
Background,background
Background,background
Background,background
Background,background
Background,background
Background,background
Background,background
Background,background
Background,background
Background,background
Background,background
Background,background
Background,background
Background,background
Background,background
Background,background
Background,background
Background,background
Background,background
Background,background
Background,background
Background,background
Background,background
Background,background
Background,background
Background,background
Background,background
Background,background
Background,background
Background,background
Background,background
Background,background
Background,background
Background,background
Background,background
Background,background
Background,background
Background,background
Background,background
Background,background
Background,background
Background,background
Background,background
Background,background
Background,background
Background,background
Background,background
Background,background
Background,background
Background,background
Background,background
Background,background
Background,background
Background,background
Background,background
Background,background
Background,background
Background,background
Background,background
Background,background
Background,background
Background,background
Background,background
Background,background
Background,background
Background,background
Background,background
Background,background
Background,background
Background,background
Background,background
Background,background
Background,background
Background,background
Background,background
Background,background
Background,background
Background,background
Background,background
Background,background
Background,background
Background,background
Background,background
Background,background
Background,background
Background,background
Background,background
Background,background
Background,background
Background,background
Background,background
Background,background
Background,background
Background,background
Background,background
Background,background
Background,background
Background,background
Background,background
Background,background
Background,background
Background,background
Background,background
Background,background
Background,background
Background,background
Background,background
Background,background
Background,background
Background,background
Background,background
Background,background
Background,background
Background,background
Background,background
Background,background
Background,background
Background,background
Background,background
Background,background
Background,background
Background,background
Background,background
Background,background
Background,background
Background,background
Background,background
Background,background
Background,background
Background,background
Background,background
Background,background
Background,background
Background,background
Background,background
Background,background
Background,background
Background,background
Background,background
Background,background
Background,background
Background,background
Background,background
Background,background
Background,background
Background,background
Background,background
Background,background
Background,background
Background,background
Background,background
Background,background
Background,background
Background,background
Background,background
Background,background
Background,background
Background,background
Background,background
Background,background
Background,background
Background,background
Background,background
Background,background
Background,background
Background,background
Background,background
Background,background
Background,background
Background,background
Background,background
Background,background
Background,background
Background,background
Background,background
Background,background
Background,background
Background,background
Background,background
Background,background
Background,background
Background,background
Background,background
Background,background
Background,background
Background,background
Background,background
Background,background
Background,background
Background,background
Background,background
Background,background
Background,background
Background,background
Background,background
Background,background
Background,background
Background,background
Background,background
Background,background
Background,background
Background,background
Background,background
Background,background
Background,background
Background,background
Background,background
Background,background
Background,background
Background,background
Background,background
Background,background
Background,background
Background,background
Background,background
Background,background
Background,background
Background,background
Background,background
Background,background
Background,background
Background,background
Background,background
Background,background
Background,background
Background,background
Background,background
Background,background
Background,background
Background,background
Background,background
Background,background
Background,background
Background,background
Background,background
Background,background
Background,background
Background,background
Background,background
Background,background
Background,background
Background,background
Background,background
Background,background
Background,background
Background,background
Background,background
Background,background
Background,background
Background,background
Background,background
Background,background
Background,background
Background,background
Background,background
Background,background
Background,background
Background,background
Background,background
Background,background
Background,background
Background,background
Background,background
Background,background
Background,background
Background,background
Background,background
Background,background
Background,background
Background,background
Background,background
Background,background
Background,background
Background,background
Background,background
Background,background
Background,background
Background,background
Background,background
Background,background
Background,background
Background,background
Background,background
Background,background
Background,background
Background,background
Background,background
Background,background
Background,background
Background,background
Background,background
Background,background
Background,background
Background,background
Background,background
Background,background
Background,background
Background,background
Background,background
Background,background
Background,background
Background,background
Background,background
Background,background
Background,background
Background,background
Background,background
Background,background
Background,background
Background,background
Background,background
Background,background
Background,background
Background,background
Background,background
Background,background
Background,background
Background,background
Background,background
Background,background
Background,background
Background,background
Background,background
Background,background
Background,background
Background,background
Background,background
Background,background
Background,background
Background,background
Background,background
Background,background
Background,background
Background,background
Background,background
Background,background
Background,background
Background,background
Background,background
Background,background
Background,background
Background,background
Background,background
Background,background
Background,background
Background,background
Background,background
Background,background
Background,background
Background,background
Background,background
Background,background
Background,background
Background,background
Background,background
Background,background
Background,background
Background,background
Background,background
Background,background
Background,background
Background,background
Background,background
Background,background
Background,background
Background,background
Background,background
Background,background
Background,background
Background,background
Background,background
Background,background
Background,background
Background,background
Background,background
Background,background
Background,background
Background,background
Background,background
Background,background
Background,background
Background,background
Background,background
Background,background
Background,background
Background,background
Background,background
Background,background
Background,background
Background,background
Background,background
Background,background
Background,background
Background,background
Background,background
Background,background
Background,background
Background,background
Background,background
Background,background
Background,background
Background,background
Background,background
Background,background
Background,background
Background,background
Background,background
Background,background
Background,background
Background,background
Background,background
Background,background
Background,background
Background,background
Background,background
Background,background
Background,background
Background,background
Background,background
Background,background
Background,background
Background,background
Background,background
Background,background
Background,background
Background,background
Background,background
Background,background
Background,background
Background,background
Background,background
Background,background
Background,background
Background,background
Background,background
Background,background
Background,background
Background,background
Background,background
Background,background
Background,background
Background,background
Background,background
Background,background
Background,background
Background,background
Background,background
Background,background
Background,background
Background,background
Background,background
Background,background
Background,background
Background,background
Background,background
Background,background
Background,background
Background,background
Background,background
Background,background
Background,background
Background,background
Background,background
Background,background
Background,background
Background,background
Background,background
Background,background
Background,background
Background,background
Background,background
Background,background
Background,background
Background,background
Background,background
Background,background
Background,background
Background,background
Background,background
Background,background
Background,background
Background,background
Background,background
Background,background
Background,background
Background,background
Background,background
Background,background
Background,background
Background,background
Background,background
Background,background
Background,background
Background,background
Background,background
Background,background
Background,background
Background,background
Background,background
Background,background
Background,background
Background,background
Background,background
Background,background
Background,background
Background,background
Background,background
Background,background
Background,background
Background,background
Background,background
Background,background
Background,background
Background,background
Background,background
Background,background
Background,background
Background,background
Background,background
Background,background
Background,background
Background,background
Background,background
Background,background
Background,background
Background,background
Background,background
Background,background
Background,background
Background,background
Background,background
Background,background
Background,background
Background,background
Background,background
Background,background
Background,background
Background,background
Background,background
Background,background
Background,background
Background,background
Background,background
Background,background
Background,background
Background,background
Background,background
Background,background
Background,background
Background,background
Background,background
Background,background
Background,background
Background,background
Background,background
Background,background
Background,background
Background,background
Background,background
Background,background
Background,background
Background,background
Background,background
Background,background
Background,background
Background,background
Background,background
Background,background
Background,background
Background,background
Background,background
Background,background
Background,background
Background,background
Background,background
Background,background
Background,background
Background,background
Background,background
Background,background
Background,background
Background,background
Background,background
Background,background
Background,background
Background,background
Background,background
Background,background
Background,background
Background,background
Background,background
Background,background
Background,background
Background,background
Background,background
Background,background
Background,background
Background,background
Background,background
Background,background
Background,background
Background,background
Background,background
Background,background
Background,background
Background,background
Background,background
Background,background
Background,background
Background,background
Background,background
Background,background
Background,background
Background,background
Background,background
Background,background
Background,background
Background,background
Background,background
Background,background
Background,background
Background,background
Background,background
Background,background
Background,background
Background,background
Background,background
Background,background
Background,background
Background,background
Background,background
Background,background
Background,background
Background,background
Background,background
Background,background
Background,background
Background,background
Background,background
Background,background
Background,background
Background,background
Background,background
Background,background
Background,background
Background,background
Background,background
Background,background
Background,background
Background,background
Background,background
Background,background
Background,background
Background,background
Background,background
Background,background
Background,background
Background,background
Background,background
Background,background
Background,background
Background,background
Background,background
Background,background
Background,background
Background,background
Background,background
Background,background
Background,background
Background,background
Background,background
Background,background
Background,background
Background,background
Background,background
Background,background
Background,background
Background,background
Background,background
Background,background
Background,background
Background,background
Background,background
Background,background
Background,background
Background,background
Background,background
Background,background
Background,background
Background,background
Background,background
Background,background
Background,background
Background,background
Background,background
Background,background
Background,background
Background,background
Background,background
Background,background
Background,background
Background,background
Background,background
Background,background
Background,background
Background,background
Background,background
Background,background
Background,background
Background,background
Background,background
Background,background
Background,background
Background,background
Background,background
Background,background
Background,background
Background,background
Background,background
Background,background
Background,background
Background,background
Background,background
Background,background
Background,background
Background,background
Background,background
Background,background
Background,background
Background,background
Background,background
Background,background
Background,background
Background,background
Background,background
Background,background
Background,background
Background,background
Background,background
Background,background
Background,background
Background,background
Background,background
Background,background
Background,background
Background,background
Background,background
Background,background
Background,background
Background,background
Background,background
Background,background
Background,background
Background,background
Background,background
Background,background
Background,background
Background,background
Background,background
Background,background
Background,background
Background,background
Background,background
Background,background
Background,background
Background,background
Background,background
Background,background
Background,background
Background,background
Background,background
Background,background
Background,background
Background,background
Background,background
Background,background
Background,background
Background,background
Background,background
Background,background
Background,background
Background,background
Background,background
Background,background
Background,background
Background,background
Background,background
Background,background
Background,background
Background,background
Background,background
Background,background
Background,background
Background,background
Background,background
Background,background
Background,background
Background,background
Background,background
Background,background
Background,background
Background,background
Background,background
Background,background
Background,background
Background,background
Background,background
Background,background
Background,background
Background,background
Background,background
Background,background
Background,background
Background,background
Background,background
Background,background
Background,background
Background,background
Background,background
Background,background
Background,background
Background,background
Background,background
Background,background
Background,background
Background,background
Background,background
Background,background
Background,background
Background,background
Background,background
Background,background
Background,background
Background,background
Background,background
Background,background
Background,background
Background,background
Background,background
Background,background
Background,background
Background,background
Background,background
Background,background
Background,background
Background,background
Background,background
Background,background
Background,background
Background,background
Background,background
Background,background
Background,background
Background,background
Background,background
Background,background
Background,background
Background,background
Background,background
Background,background
Background,background
Background,background
Background,background
Background,background
Background,background
Background,background
Background,background
Background,background
Background,background
Background,background
Background,background
Background,background
Background,background
Background,background
Background,background
Background,background
Background,background
Background,background
Background,background
Background,background
Background,background
Background,background
Background,background
Background,background
Background,background
Background,background
Background,background
Background,background
Background,background
Background,background
Background,background
Background,background
Background,background
Background,background
Background,background
Background,background
Background,background
Background,background
Background,background
Background,background
Background,background
Background,background
Background,background
Background,background
Background,background
Background,background
Background,background
Background,background
Background,background
Background,background
Background,background
Background,background
Background,background
Background,background
Background,background
Background,background
Background,background
Background,background
Background,background
Background,background
Background,background
Background,background
Background,background
Background,background
Background,background
Background,background
Background,background
Background,background
Background,background
Background,background
Background,background
Background,background
Background,background
Background,background
Background,background
Background,background
Background,background
Background,background
Background,background
Background,background
Background,background
Background,background
Background,background
Background,background
Background,background
Background,background
Background,background
Background,background
Background,background
Background,background
Background,background
Background,background
Background,background
Background,background
Background,background
Background,background
Background,background
Background,background
Background,background
Background,background
Background,background
Background,background
Background,background
Background,background
Background,background
Background,background
Background,background
Background,background
Background,background
Background,background
Background,background
Background,background
Background,background
Background,background
Background,background
Background,background
Background,background
Background,background
Background,background
Background,background
Background,background
Background,background
Background,background
Background,background
Background,background
Background,background
Background,background
Background,background
Background,background
Background,background
Background,background
Background,background
Background,background
Background,background
Background,background
Background,background
Background,background
Background,background
Background,background
Background,background
Background,background
Background,background
Background,background
Background,background
Background,background
Background,background
Background,background
Background,background
Background,background
Background,background
Background,background
Background,background
Background,background
Background,background
Background,background
Background,background
Background,background
Background,background
Background,background
Background,background
Background,background
Background,background
Background,background
Background,background
Background,background
Background,background
Background,background
Background,background
Background,background
Background,background
Background,background
Background,background
Background,background
Background,background
Background,background
Background,background
Background,background
Background,background
Background,background
Background,background
Background,background
Background,background
Background,background
Background,background
Background,background
Background,background
Background,background
Background,background
Background,background
Background,background
Background,background
Background,background
Background,background
Background,background
Background,background
Background,background
Background,background
Background,background
Background,background
Background,background
Background,background
Background,background
Background,background
Background,background
Background,background
Background,background
Background,background
Background,background
Background,background
Background,background
Background,background
Background,background
Background,background
Background,background
Background,background
Background,background
Background,background
Background,background
Background,background
Background,background
Background,background
Background,background
Background,background
Background,background
Background,background
Background,background
Background,background
Background,background
Background,background
Background,background
Background,background
Background,background
Background,background
Background,background
Background,background
Background,background
Background,background
Background,background
Background,background
Background,background
Background,background
Background,background
Background,background
Background,background
Background,background
Background,background
Background,background
Background,background
Background,background
Background,background
Background,background
Background,background
Background,background
Background,background
Background,background
Background,background
Background,background
Background,background
Background,background
Background,background
Background,background
Background,background
Background,background
Background,background
Background,background
Background,background
Background,background
Background,background
Background,background
Background,background
Background,background
Background,background
Background,background
Background,background
Background,background
Background,background
Background,background
Background,background
Background,background
Background,background
Background,background
Background,background
Background,background
Background,background
Background,background
Background,background
Background,background
Background,background
Background,background
Background,background
Background,background
Background,background
Background,background
Background,background
Background,background
Background,background
Background,background
Background,background
Background,background
Background,background
Background,background
Background,background
Background,background
Background,background
Background,background
Background,background
Background,background
Background,background
Background,background
Background,background
Background,background
Background,background
Background,background
Background,background
Background,background
Background,background
Background,background
Background,background
Background,background
Background,background
Background,background
Background,background
Background,background
Background,background
Background,background
Background,background
Background,background
Background,background
Background,background
Background,background
Background,background
Background,background
Background,background
Background,background
Background,background
Background,background
Background,background
Background,background
Background,background
Background,background
Background,background
Background,background
Background,background
Background,background
Background,background
Background,background
Background,background
Background,background
Background,background
Background,background
Background,background
Background,background
Background,background
Background,background
Background,background
Background,background
Background,background
Background,background
Background,background
Background,background
Background,background
Background,background
Background,background
Background,background
Background,background
Background,background
Background,background
Background,background
Background,background
Background,background
Background,background
Background,background
Background,background
Background,background
Background,background
Background,background
Background,background
Background,background
Background,background
Background,background
Background,background
Background,background
Background,background
Background,background
Background,background
Background,background
Background,background
Background,background
Background,background
Background,background
Background,background
Background,background
Background,background
Background,background
Background,background
Background,background
Background,background
Background,background
Background,background
Background,background
Background,background
Background,background
Background,background
Background,background
Background,background
Background,background
Background,background
Background,background
Background,background
Background,background
Background,background
Background,background
Background,background
Background,background
Background,background
Background,background
Background,background
Background,background
Background,background
Background,background
Background,background
Background,background
Background,background
Background,background
Background,background
Background,background
Background,background
Background,background
Background,background
Background,background
Background,background
Background,background
Background,background
Background,background
Background,background
Background,background
Background,background
Background,background
Background,background
Background,background
Background,background
Background,background
Background,background
Background,background
Background,background
Background,background
Background,background
Background,background
Background,background
Background,background
Background,background
Background,background
Background,background
Background,background
Background,background
Background,background
Background,background
Background,background
Background,background
Background,background
Background,background
Background,background
Background,background
Background,background
Background,background
Background,background
Background,background
Background,background
Background,background
Background,background
Background,background
Background,background
Background,background
Background,background
Background,background
Background,background
Background,background
Background,background
Background,background
Background,background
Background,background
Background,background
Background,background
Background,background
Background,background
Background,background
Background,background
Background,background
Background,background
Background,background
Background,background
Background,background
Background,background
Background,background
Background,background
Background,background
Background,background
Background,background
Background,background
Background,background
Background,background
Background,background
Background,background
Background,background
Background,background
Background,background
Background,background
Background,background
Background,background
Background,background
Background,background
Background,background
Background,background
Background,background
Background,background
Background,background
Background,background
Background,background
Background,background
Background,background
Background,background
Background,background
Background,background
Background,background
Background,background
Background,background
Background,background
Background,background
Background,background
Background,background
Background,background
Background,background
Background,background
Background,background
Background,background
Background,background
Background,background
Background,background
Background,background
Background,background
Background,background
Background,background
Background,background
Background,background
Background,background
Background,background
Background,background
Background,background
Background,background
Background,background
Background,background
Background,background
Background,background
Background,background
Background,background
Background,background
Background,background
Background,background
Background,background
Background,background
Background,background
Background,background
Background,background
Background,background
Background,background
Background,background
Background,background
Background,background
Background,background
Background,background
Background,background
Background,background
Background,background
Background,background
Background,background
Background,background
Background,background
Background,background
Background,background
Background,background
Background,background
Background,background
Background,background
Background,background
Background,background
Background,background
Background,background
Background,background
Background,background
Background,background
Background,background
Background,background
Background,background
Background,background
Background,background
Background,background
Background,background
Background,background
Background,background
Background,background
Background,background
Background,background
Background,background
Background,background
Background,background
Background,background
Background,background
Background,background
Background,background
Background,background
Background,background
Background,background
Background,background
Background,background
Background,background
Background,background
Background,background
Background,background
Background,background
Background,background
Background,background
Background,background
Background,background
Background,background
Background,background
Background,background
Background,background
Background,background
Background,background
Background,background
Background,background
Background,background
Background,background
Background,background
Background,background
Background,background
Background,background
Background,background
Background,background
Background,background
Background,background
Background,background
Background,background
Background,background
Background,background
Background,background
Background,background
Background,background
Background,background
Background,background
Background,background
Background,background
Background,background
Background,background
Background,background
Background,background
Background,background
Background,background
Background,background
Background,background
Background,background
Background,background
Background,background
Background,background
Background,background
Background,background
Background,background
Background,background
Background,background
Background,background
Background,background
Background,background
Background,background
Background,background
Background,background
Background,background
Background,background
Background,background
Background,background
Background,background
Background,background
Background,background
Background,background
Background,background
Background,background
Background,background
Background,background
Background,background
Background,background
Background,background
Background,background
Background,background
Background,background
Background,background
Background,background
Background,background
Background,background
Background,background
Background,background
Background,background
Background,background
Background,background
Background,background
Background,background
Background,background
Background,background
Background,background
Background,background
Background,background
Background,background
Background,background
Background,background
Background,background
Background,background
Background,background
Background,background
Background,background
Background,background
Background,background
Background,background
Background,background
Background,background
Background,background
Background,background
Background,background
Background,background
Background,background
Background,background
Background,background
Background,background
Background,background
Background,background
Background,background
Background,background
Background,background
Background,background
Background,background
Background,background
Background,background
Background,background
Background,background
Background,background
Background,background
Background,background
Background,background
Background,background
Background,background
Background,background
Background,background
Background,background
Background,background
Background,background
Background,background
Background,background
Background,background
Background,background
Background,background
Background,background
Background,background
Background,background
Background,background
Background,background
Background,background
Background,background
Background,background
Background,background
Background,background
Background,background
Background,background
Background,background
Background,background
Background,background
Background,background
Background,background
Background,background
Background,background
Background,background
Background,background
Background,background
Background,background
Background,background
Background,background
Background,background
Background,background
Background,background
Background,background
Background,background
Background,background
Background,background
Background,background
Background,background
Background,background
Background,background
Background,background
Background,background
Background,background
Background,background
Background,background
Background,background
Background,background
Background,background
Background,background
Background,background
Background,background
Background,background
Background,background
Background,background
Background,background
Background,background
Background,background
Background,background
Background,background
Background,background
Background,background
Background,background
Background,background
Background,background
Background,background
Background,background
Background,background
Background,background
Background,background
Background,background
Background,background
Background,background
Background,background
Background,background
Background,background
Background,background
Background,background
Background,background
Background,background
Background,background
Background,background
Background,background
Background,background
Background,background
Background,background
Background,background
Background,background
Background,background
Background,background
Background,background
Background,background
Background,background
Background,background
Background,background
Background,background
Background,background
Background,background
Background,background
Background,background
Background,background
Background,background
Background,background
Background,background
Background,background
Background,background
Background,background
Background,background
Background,background
Background,background
Background,background
Background,background
Background,background
Background,background
Background,background
Background,background
Background,background
Background,background
Background,background
Background,background
Background,background
Background,background
Background,background
Background,background
Background,background
Background,background
Background,background
Background,background
Background,background
Background,background
Background,background
Background,background
Background,background
Background,background
Background,background
Background,background
Background,background
Background,background
Background,background
Background,background
Background,background
Background,background
Background,background
Background,background
Background,background
Background,background
Background,background
Background,background
Background,background
Background,background
Background,background
Background,background
Background,background
Background,background
Background,background
Background,background
Background,background
Background,background
Background,background
Background,background
Background,background
Background,background
Background,background
Background,background
Background,background
Background,background
Background,background
Background,background
Background,background
Background,background
Background,background
Background,background
Background,background
Background,background
Background,background
Background,background
Background,background
Background,background
Background,background
Background,background
Background,background
Background,background
Background,background
Background,background
Background,background
Background,background
Background,background
Background,background
Background,background
Background,background
Background,background
Background,background
Background,background
Background,background
Background,background
Background,background
Background,background
Background,background
Background,background
Background,background
Background,background
Background,background
Background,background
Background,background
Background,background
Background,background
Background,background
Background,background
Background,background
Background,background
Background,background
Background,background
Background,background
Background,background
Background,background
Background,background
Background,background
Background,background
Background,background
Background,background
Background,background
Background,background
Background,background
Background,background
Background,background
Background,background
Background,background
Background,background
Background,background
Background,background
Background,background
Background,background
Background,background
Background,background
Background,background
Background,background
Background,background
Background,background
Background,background
Background,background
Background,background
Background,background
Background,background
Background,background
Background,background
Background,background
Background,background
Background,background
Background,background
Background,background
Background,background
Background,background
Background,background
Background,background
Background,background
Background,background
Background,background
Background,background
Background,background
Background,background
Background,background
Background,background
Background,background
Background,background
Background,background
Background,background
Background,background
Background,background
Background,background
Background,background
Background,background
Background,background
Background,background
Background,background
Background,background
Background,background
Background,background
Background,background
Background,background
Background,background
Background,background
Background,background
Background,background
Background,background
Background,background
Background,background
Background,background
Background,background
Background,background
Background,background
Background,background
Background,background
Background,background
Background,background
Background,background
Background,background
Background,background
Background,background
Background,background
Background,background
Background,background
Background,background
Background,background
Background,background
Background,background
Background,background
Background,background
Background,background
Background,background
Background,background
Background,background
Background,background
Background,background
Background,background
Background,background
Background,background
Background,background
Background,background
Background,background
Background,background
Background,background
Background,background
Background,background
Background,background
Background,background
Background,background
Background,background
Background,background
Background,background
Background,background
Background,background
Background,background
Background,background
Background,background
Background,background
Background,background
Background,background
Background,background
Background,background
Background,background
Background,background
Background,background
Background,background
Background,background
Background,background
Background,background
Background,background
Background,background
Background,background
Background,background
Background,background
Background,background
Background,background
Background,background
Background,background
Background,background
Background,background
Background,background
Background,background
Background,background
Background,background
Background,background
Background,background
Background,background
Background,background
Background,background
Background,background
Background,background
Background,background
Background,background
Background,background
Background,background
Background,background
Background,background
Background,background
Background,background
Background,background
Background,background
Background,background
Background,background
Background,background
Background,background
Background,background
Background,background
Background,background
Background,background
Background,background
Background,background
Background,background
Background,background
Background,background
Background,background
Background,background
Background,background
Background,background
Background,background
Background,background
Background,background
Background,background
Background,background
Background,background
Background,background
Background,background
Background,background
Background,background
Background,background
Background,background
Background,background
Background,background
Background,background
Background,background
Background,background
Background,background
Background,background
Background,background
Background,background
Background,background
Background,background
Background,background
Background,background
Background,background
Background,background
Background,background
Background,background
Background,background
Background,background
Background,background
Background,background
Background,background
Background,background
Background,background
Background,background
Background,background
Background,background
Background,background
Background,background
Background,background
Background,background
Background,background
Background,background
Background,background
Background,background
Background,background
Background,background
Background,background
Background,background
Background,background
Background,background
Background,background
Background,background
Background,background
Background,background
Background,background
Background,background
Background,background
Background,background
Background,background
Background,background
Background,background
Background,background
Background,background
Background,background
Background,background
Background,background
Background,background
Background,background
Background,background
Background,background
Background,background
Background,background
Background,background
Background,background
Background,background
Background,background
Background,background
Background,background
Background,background
Background,background
Background,background
Background,background
Background,background
Background,background
Background,background
Background,background
Background,background
Background,background
Background,background
Background,background
Background,background
Background,background
Background,background
Background,background
Background,background
Background,background
Background,background
Background,background
Background,background
Background,background
Background,background
Background,background
Background,background
Background,background
Background,background
Background,background
Background,background
Background,background
Background,background
Background,background
Background,background
Background,background
Background,background
Background,background
Background,background
Background,background
Background,background
Background,background
Background,background
Background,background
Background,background
Background,background
Background,background
Background,background
Background,background
Background,background
Background,background
Background,background
Background,background
Background,background
Background,background
Background,background
Background,background
Background,background
Background,background
Background,background
Background,background
Background,background
Background,background
Background,background
Background,background
Background,background
Background,background
Background,background
Background,background
Background,background
Background,background
Background,background
Background,background
Background,background
Background,background
Background,background
Background,background
Background,background
Background,background
Background,background
Background,background
Background,background
Background,background
Background,background
Background,background
Background,background
Background,background
Background,background
Background,background
Background,background
Background,background
Background,background
Background,background
Background,background
Background,background
Background,background
Background,background
Background,background
Background,background
Background,background
Background,background
Background,background
Background,background
Background,background
Background,background
Background,background
Background,background
Background,background
Background,background
Background,background
Background,background
Background,background
Background,background
Background,background
Background,background
Background,background
Background,background
Background,background
Background,background
Background,background
Background,background
Background,background
Background,background
Background,background
Background,background
Background,background
Background,background
Background,background
Background,background
Background,background
Background,background
Background,background
Background,background
Background,background
Background,background
Background,background
Background,background
Background,background
Background,background
Background,background
Background,background
Background,background
Background,background
Background,background
Background,background
Background,background
Background,background
Background,background
Background,background
Background,background
Background,background
Background,background
Background,background
Background,background
Background,background
Background,background
Background,background
Background,background
Background,background
Background,background
Background,background
Background,background
Background,background
Background,background
Background,background
Background,background
Background,background
Background,background
Background,background
Background,background
Background,background
Background,background
Background,background
Background,background
Background,background
Background,background
Background,background
Background,background
Background,background
Background,background
Background,background
Background,background
Background,background
Background,background
Background,background
Background,background
Background,background
Background,background
Background,background
Background,background
Background,background
Background,background
Background,background
Background,background
Background,background
Background,background
Background,interaction
Background,interaction
Background,interaction
Background,interaction
Background,interaction
Background,interaction
Background,interaction
Background,interaction
Background,interaction
Background,interaction
Background,interaction
Background,interaction
Background,interaction
Background,interaction
Background,interaction
Background,interaction
Background,interaction
Background,interaction
Background,interaction
interaction,interaction
interaction,interaction
interaction,interaction
interaction,interaction
interaction,interaction
interaction,interaction
interaction,interaction
interaction,interaction
interaction,interaction
interaction,interaction
interaction,interaction
interaction,interaction
interaction,interaction
interaction,interaction
interaction,interaction
interaction,interaction
interaction,interaction
interaction,interaction
interaction,interaction
interaction,interaction
interaction,interaction
interaction,interaction
interaction,interaction
interaction,interaction
interaction,interaction
interaction,interaction
interaction,interaction
interaction,interaction
interaction,interaction
interaction,interaction
interaction,interaction
interaction,interaction
interaction,interaction
interaction,interaction
interaction,interaction
interaction,interaction
interaction,interaction
interaction,interaction
interaction,interaction
interaction,interaction
interaction,interaction
interaction,interaction
interaction,interaction
interaction,interaction
interaction,interaction
interaction,interaction
interaction,interaction
interaction,interaction
interaction,background
interaction,background
interaction,background
interaction,background
interaction,background
interaction,background
interaction,background
interaction,background
interaction,background
Background,background
Background,background
Background,background
Background,background
Background,background
Background,background
Background,background
Background,background
Background,background
Background,background
Background,background
Background,background
Background,background
Background,background
Background,background
Background,background
Background,background
Background,background
Background,background
Background,background
Background,background
Background,background
Background,background
Background,background
Background,background
Background,background
Background,background
Background,background
Background,background
Background,background
Background,background
Background,background
Background,background
Background,background
Background,background
Background,background
Background,background
Background,background
Background,background
Background,background
Background,background
Background,background
Background,background
Background,background
Background,background
Background,background
Background,background
Background,background
Background,background
Background,background
Background,background
Background,background
Background,background
Background,background
Background,background
Background,background
Background,background
Background,background
Background,background
Background,background
Background,background
Background,background
Background,background
Background,background
Background,background
Background,background
Background,background
Background,background
Background,background
Background,background
Background,background
Background,background
Background,background
Background,background
Background,background
Background,background
Background,background
Background,background
Background,background
Background,background
Background,background
Background,background
Background,background
Background,background
Background,background
Background,background
Background,background
Background,background
Background,background
Background,background
Background,background
Background,background
Background,background
Background,background
Background,background
Background,background
Background,background
Background,background
Background,background
Background,background
Background,background
Background,background
Background,background
Background,background
Background,background
Background,background
Background,background
Background,background
Background,background
Background,background
Background,background
Background,background
Background,background
Background,background
Background,background
Background,background
Background,background
Background,background
Background,background
Background,background
Background,background
Background,background
Background,background
Background,background
Background,background
Background,background
Background,background
Background,background
Background,background
Background,background
Background,background
Background,background
Background,background
Background,background
Background,background
Background,background
Background,background
Background,background
Background,background
Background,background
Background,background
Background,background
Background,background
Background,background
Background,background
Background,background
Background,background
Background,background
Background,background
Background,background
Background,background
Background,background
Background,background
Background,background
Background,background
Background,background
Background,background
Background,background
Background,background
Background,background
Background,background
Background,background
Background,background
Background,background
Background,background
Background,background
Background,background
Background,background
Background,background
Background,background
Background,background
Background,background
Background,background
Background,background
Background,background
Background,background
Background,background
Background,background
Background,background
Background,background
Background,background
Background,background
Background,background
Background,background
Background,background
Background,background
Background,background
Background,background
Background,background
Background,background
Background,background
Background,background
Background,background
Background,background
Background,background
Background,background
Background,background
Background,background
Background,background
Background,background
Background,background
Background,background
Background,background
Background,background
Background,background
Background,background
Background,background
Background,background
Background,background
Background,background
Background,background
Background,background
Background,background
Background,background
Background,background
Background,background
Background,background
Background,background
Background,background
Background,background
Background,background
Background,background
Background,background
Background,background
Background,background
Background,background
Background,background
Background,background
Background,background
Background,background
Background,background
Background,background
Background,background
Background,background
Background,background
Background,background
Background,background
Background,background
Background,background
Background,background
Background,background
Background,background
Background,background
Background,background
Background,background
Background,background
Background,background
Background,background
Background,background
Background,background
Background,background
Background,background
Background,background
Background,background
Background,background
Background,background
Background,background
Background,background
Background,background
Background,background
Background,background
Background,background
Background,background
Background,background
Background,background
Background,background
Background,background
Background,background
Background,background
Background,background
Background,background
Background,background
Background,background
Background,background
Background,background
Background,background
Background,background
Background,background
Background,background
Background,background
Background,background
Background,background
Background,background
Background,background
Background,background
Background,background
Background,background
Background,background
Background,background
Background,background
Background,background
Background,background
Background,background
Background,background
Background,background
Background,background
Background,background
Background,background
Background,background
Background,background
Background,background
Background,background
Background,background
Background,background
Background,background
Background,background
Background,background
Background,background
Background,background
Background,background
Background,background
Background,background
Background,background
Background,background
Background,background
Background,background
Background,background
Background,background
Background,background
Background,background
Background,background
Background,background
Background,background
Background,background
Background,background
Background,background
Background,background
Background,background
Background,background
Background,background
Background,background
Background,background
Background,background
Background,background
Background,background
Background,background
Background,background
Background,background
Background,background
Background,background
Background,background
Background,background
Background,background
Background,background
Background,background
Background,background
Background,background
Background,background
Background,background
Background,background
Background,background
Background,background
Background,background
Background,background
Background,background
Background,background
Background,background
Background,background
Background,background
Background,background
Background,background
Background,background
Background,background
Background,background
Background,background
Background,background
Background,background
Background,background
Background,background
Background,background
Background,background
Background,background
Background,background
Background,background
Background,background
Background,background
Background,background
Background,background
Background,background
Background,background
Background,background
Background,background
Background,background
Background,background
Background,background
Background,background
Background,background
Background,background
Background,background
Background,background
Background,background
Background,background
Background,background
Background,background
Background,background
Background,background
Background,background
Background,background
Background,background
Background,background
Background,background
Background,background
Background,background
Background,background
Background,background
Background,background
Background,background
Background,background
Background,background
Background,background
Background,background
Background,background
Background,background
Background,background
Background,background
Background,background
Background,background
Background,background
Background,background
Background,background
Background,background
Background,background
Background,background
Background,background
Background,background
Background,background
Background,background
Background,background
Background,background
Background,background
Background,background
Background,background
Background,background
Background,background
Background,background
Background,background
Background,background
Background,background
Background,background
Background,background
Background,background
Background,background
Background,background
Background,background
Background,background
Background,background
Background,background
Background,background
Background,background
Background,background
Background,background
Background,background
Background,background
Background,background
Background,background
Background,background
Background,background
Background,background
Background,background
Background,background
Background,background
Background,background
Background,background
Background,background
Background,background
Background,background
Background,background
Background,background
Background,background
Background,background
Background,background
Background,background
Background,background
Background,background
Background,background
Background,background
Background,background
Background,background
Background,background
Background,background
Background,background
Background,background
Background,background
Background,background
Background,background
Background,background
Background,background
Background,background
Background,background
Background,background
Background,background
Background,background
Background,background
Background,background
Background,background
Background,background
Background,background
Background,background
Background,background
Background,background
Background,background
Background,background
Background,background
Background,background
Background,background
Background,background
Background,background
Background,background
Background,background
Background,background
Background,background
Background,background
Background,background
Background,background
Background,background
Background,background
Background,background
Background,background
Background,background
Background,background
Background,background
Background,background
Background,background
Background,background
Background,background
Background,background
Background,background
Background,background
Background,background
Background,background
Background,background
Background,background
Background,background
Background,interaction
Background,interaction
Background,interaction
Background,interaction
Background,interaction
Background,interaction
Background,interaction
Background,interaction
Background,interaction
interaction,interaction
interaction,interaction
interaction,interaction
interaction,interaction
interaction,interaction
interaction,interaction
interaction,interaction
interaction,interaction
interaction,interaction
interaction,interaction
interaction,interaction
interaction,interaction
interaction,interaction
interaction,interaction
interaction,interaction
interaction,interaction
interaction,interaction
interaction,interaction
interaction,interaction
interaction,interaction
interaction,interaction
interaction,interaction
interaction,interaction
interaction,interaction
interaction,interaction
interaction,interaction
interaction,interaction
interaction,interaction
interaction,interaction
interaction,interaction
interaction,interaction
interaction,interaction
interaction,interaction
interaction,interaction
interaction,interaction
interaction,interaction
interaction,interaction
interaction,interaction
interaction,interaction
interaction,interaction
interaction,interaction
interaction,interaction
interaction,interaction
interaction,interaction
interaction,interaction
interaction,interaction
interaction,interaction
interaction,interaction
interaction,interaction
interaction,interaction
interaction,interaction
interaction,interaction
interaction,interaction
interaction,interaction
interaction,interaction
interaction,interaction
interaction,interaction
interaction,interaction
interaction,interaction
interaction,interaction
interaction,interaction
interaction,interaction
interaction,interaction
interaction,interaction
interaction,interaction
interaction,interaction
interaction,interaction
interaction,interaction
interaction,interaction
interaction,interaction
interaction,interaction
interaction,interaction
interaction,interaction
interaction,interaction
interaction,interaction
interaction,interaction
interaction,interaction
interaction,interaction
interaction,interaction
interaction,interaction
interaction,interaction
interaction,interaction
interaction,interaction
interaction,interaction
interaction,interaction
interaction,interaction
interaction,interaction
interaction,interaction
interaction,interaction
interaction,interaction
interaction,interaction
interaction,interaction
interaction,interaction
interaction,interaction
interaction,interaction
interaction,interaction
interaction,interaction
interaction,interaction
interaction,interaction
interaction,background
interaction,background
interaction,background
interaction,background
interaction,background
interaction,background
interaction,background
interaction,background
interaction,background
interaction,background
interaction,background
interaction,background
interaction,background
interaction,background
interaction,background
interaction,background
interaction,background
interaction,background
interaction,background
interaction,background
interaction,background
interaction,background
interaction,background
interaction,background
interaction,background
interaction,background
interaction,background
interaction,background
interaction,background
interaction,background
interaction,background
interaction,background
interaction,background
interaction,background
interaction,background
interaction,background
interaction,background
interaction,background
interaction,background
interaction,background
interaction,background
interaction,background
interaction,background
interaction,background
interaction,background
interaction,background
interaction,background
interaction,background
interaction,background
interaction,background
interaction,background
interaction,interaction
interaction,interaction
interaction,interaction
interaction,interaction
interaction,interaction
interaction,interaction
interaction,interaction
interaction,interaction
interaction,interaction
interaction,interaction
interaction,interaction
interaction,interaction
interaction,interaction
interaction,interaction
interaction,interaction
interaction,interaction
interaction,interaction
interaction,interaction
interaction,interaction
interaction,interaction
interaction,interaction
interaction,interaction
interaction,interaction
interaction,interaction
interaction,interaction
interaction,interaction
interaction,interaction
interaction,interaction
interaction,interaction
interaction,interaction
interaction,interaction
interaction,interaction
interaction,interaction
interaction,interaction
interaction,interaction
interaction,interaction
interaction,interaction
interaction,interaction
interaction,interaction
interaction,interaction
interaction,interaction
interaction,interaction
interaction,interaction
interaction,interaction
interaction,interaction
interaction,interaction
interaction,interaction
interaction,interaction
interaction,interaction
interaction,interaction
interaction,interaction
interaction,interaction
interaction,interaction
interaction,interaction
interaction,interaction
interaction,interaction
interaction,interaction
interaction,interaction
interaction,interaction
interaction,interaction
interaction,interaction
interaction,interaction
interaction,interaction
interaction,interaction
interaction,interaction
interaction,interaction
interaction,interaction
interaction,interaction
interaction,interaction
interaction,interaction
interaction,interaction
interaction,interaction
interaction,interaction
interaction,interaction
interaction,interaction
interaction,interaction
interaction,interaction
interaction,interaction
interaction,interaction
interaction,interaction
interaction,interaction
interaction,interaction
interaction,interaction
interaction,interaction
interaction,interaction
interaction,interaction
interaction,interaction
interaction,interaction
interaction,interaction
interaction,interaction
interaction,interaction
interaction,interaction
interaction,interaction
interaction,interaction
interaction,interaction
interaction,interaction
interaction,interaction
interaction,interaction
interaction,interaction
interaction,interaction
interaction,interaction
interaction,interaction
interaction,interaction
interaction,interaction
interaction,interaction
interaction,interaction
interaction,interaction
interaction,interaction
interaction,interaction
interaction,interaction
interaction,interaction
interaction,interaction
interaction,interaction
interaction,interaction
interaction,interaction
interaction,interaction
interaction,interaction
interaction,interaction
interaction,interaction
interaction,interaction
interaction,interaction
Background,interaction
Background,interaction
Background,interaction
Background,interaction
Background,interaction
Background,interaction
Background,interaction
Background,interaction
Background,interaction
Background,interaction
Background,interaction
Background,interaction
Background,interaction
Background,interaction
Background,interaction
Background,interaction
Background,interaction
Background,interaction
Background,interaction
Background,interaction
Background,interaction
Background,interaction
Background,background
Background,background
Background,background
Background,background
Background,background
Background,background
Background,background
Background,background
Background,background
Background,background
Background,background
Background,background
Background,background
Background,background
Background,background
Background,background
Background,background
Background,background
Background,background
Background,background
Background,background
Background,background
Background,background
Background,background
Background,background
Background,background
Background,background
Background,background
Background,background
Background,background
Background,background
Background,background
Background,background
Background,background
Background,background
Background,background
Background,background
Background,background
Background,background
Background,background
Background,background
Background,background
Background,background
Background,background
Background,background
Background,background
Background,background
Background,background
Background,background
Background,background
Background,background
Background,background
Background,background
Background,background
Background,background
Background,background
Background,background
Background,background
Background,background
Background,background
Background,background
Background,background
Background,interaction
Background,interaction
Background,interaction
Background,interaction
Background,interaction
Background,interaction
Background,interaction
Background,interaction
Background,interaction
Background,interaction
Background,interaction
Background,interaction
Background,interaction
Background,interaction
Background,interaction
Background,interaction
Background,interaction
Background,interaction
Background,interaction
Background,interaction
Background,interaction
Background,interaction
Background,interaction
Background,interaction
Background,interaction
Background,interaction
Background,interaction
Background,interaction
Background,interaction
Background,interaction
Background,interaction
Background,interaction
Background,interaction
Background,background
Background,background
Background,background
Background,background
Background,background
Background,background
Background,background
Background,background
Background,background
Background,background
Background,background
Background,background
Background,background
Background,background
Background,background
Background,background
Background,background
Background,background
Background,background
Background,background
Background,background
Background,background
Background,background
Background,background
Background,background
Background,background
Background,background
Background,background
Background,background
Background,background
Background,background
Background,background
Background,background
Background,background
Background,background
Background,background
Background,background
Background,background
Background,background
Background,background
Background,background
Background,background
Background,background
Background,background
Background,background
Background,background
Background,background
Background,background
Background,background
Background,background
Background,background
Background,background
Background,background
Background,background
Background,background
Background,background
Background,background
Background,background
Background,background
Background,background
Background,background
Background,background
Background,background
Background,background
Background,background
Background,background
Background,background
Background,background
Background,background
Background,background
Background,background
Background,background
Background,background
Background,background
Background,background
Background,background
Background,background
Background,background
Background,background
Background,background
Background,background
Background,background
Background,background
Background,background
Background,background
Background,background
Background,background
Background,background
Background,background
Background,background
Background,background
Background,background
Background,background
Background,background
Background,background
Background,background
Background,background
Background,background
Background,background
Background,background
Background,background
Background,background
Background,background
Background,background
Background,background
Background,background
Background,background
Background,background
Background,background
Background,background
Background,background
Background,background
Background,background
Background,background
Background,background
Background,background
Background,background
Background,background
Background,background
Background,background
Background,background
Background,background
Background,background
Background,background
Background,background
Background,background
Background,background
Background,background
Background,background
Background,background
Background,background
Background,background
Background,background
Background,background
Background,background
Background,background
Background,background
Background,background
Background,background
Background,background
Background,background
Background,background
Background,background
Background,background
Background,background
Background,background
Background,background
Background,background
Background,background
Background,background
Background,background
Background,background
Background,background
Background,background
Background,background
Background,background
Background,background
Background,background
Background,background
Background,background
Background,background
Background,background
Background,background
Background,background
Background,background
Background,background
Background,background
Background,background
Background,background
Background,background
Background,background
Background,background
Background,background
Background,background
Background,background
Background,background
Background,background
Background,background
Background,background
Background,background
Background,background
Background,background
Background,background
Background,background
Background,background
Background,background
Background,background
Background,background
Background,background
Background,background
Background,background
Background,background
Background,background
Background,background
Background,background
Background,background
Background,background
Background,background
Background,background
Background,background
Background,background
Background,background
Background,background
Background,background
Background,background
Background,background
Background,background
Background,background
Background,background
Background,background
Background,background
Background,background
Background,background
Background,background
Background,background
Background,background
Background,background
Background,background
Background,background
Background,background
Background,background
Background,background
Background,background
Background,background
Background,background
Background,background
Background,background
Background,background
Background,background
Background,background
Background,background
Background,background
Background,background
Background,background
Background,background
Background,background
Background,background
Background,background
Background,background
Background,background
Background,background
Background,background
Background,background
Background,background
Background,background
Background,background
Background,background
Background,background
Background,background
Background,background
Background,background
Background,background
Background,background
Background,background
Background,background
Background,background
Background,background
Background,background
Background,background
Background,background
Background,background
Background,background
Background,background
Background,background
Background,background
Background,background
Background,background
Background,background
Background,background
Background,background
Background,background
Background,background
Background,interaction
Background,interaction
Background,interaction
Background,interaction
Background,interaction
Background,interaction
Background,interaction
Background,interaction
Background,interaction
Background,interaction
Background,interaction
Background,interaction
Background,interaction
Background,interaction
Background,interaction
Background,interaction
Background,interaction
Background,interaction
Background,interaction
Background,interaction
Background,interaction
Background,interaction
Background,interaction
Background,interaction
Background,interaction
Background,interaction
Background,interaction
Background,interaction
Background,interaction
Background,interaction
Background,interaction
Background,interaction
Background,interaction
Background,interaction
Background,interaction
Background,interaction
Background,interaction
Background,interaction
Background,interaction
Background,interaction
Background,interaction
Background,interaction
Background,interaction
Background,interaction
Background,interaction
Background,interaction
Background,interaction
Background,interaction
Background,interaction
Background,interaction
Background,interaction
Background,interaction
Background,interaction
Background,interaction
Background,interaction
Background,interaction
Background,interaction
Background,interaction
Background,interaction
Background,interaction
Background,interaction
Background,interaction
Background,interaction
Background,interaction
Background,interaction
Background,interaction
Background,interaction
Background,interaction
posing,interaction
posing,interaction
posing,interaction
posing,interaction
posing,interaction
posing,interaction
posing,interaction
Background,interaction
Background,interaction
Background,interaction
Background,interaction
Background,interaction
Background,interaction
Background,interaction
Background,interaction
Background,interaction
Background,interaction
Background,interaction
Background,interaction
Background,interaction
Background,interaction
Background,interaction
Background,interaction
Background,interaction
Background,interaction
Background,interaction
Background,interaction
Background,interaction
Background,interaction
Background,interaction
Background,interaction
Background,interaction
Background,interaction
Background,interaction
Background,interaction
Background,interaction
Background,interaction
Background,interaction
Background,interaction
Background,interaction
Background,interaction
Background,interaction
Background,interaction
Background,interaction
Background,interaction
Background,interaction
Background,interaction
Background,interaction
Background,interaction
Background,interaction
Background,interaction
Background,interaction
Background,interaction
Background,interaction
Background,interaction
Background,interaction
Background,interaction
Background,interaction
Background,interaction
Background,interaction
Background,interaction
Background,interaction
Background,interaction
Background,interaction
Background,interaction
Background,interaction
Background,interaction
Background,interaction
Background,interaction
Background,interaction
Background,interaction
Background,interaction
Background,interaction
Background,interaction
Background,interaction
Background,interaction
Background,interaction
Background,interaction
Background,interaction
Background,interaction
Background,interaction
Background,interaction
Background,interaction
Background,interaction
Background,interaction
Background,interaction
Background,interaction
Background,interaction
Background,background
Background,background
Background,background
Background,background
Background,background
Background,background
Background,background
Background,background
Background,background
Background,background
Background,background
Background,background
Background,background
Background,background
Background,background
Background,background
Background,background
Background,background
Background,background
Background,background
Background,background
Background,background
Background,background
Background,background
Background,background
Background,background
Background,background
Background,background
Background,background
Background,background
Background,background
Background,background
Background,background
Background,background
Background,background
Background,background
Background,background
Background,background
Background,background
Background,background
Background,background
Background,background
Background,background
Background,background
Background,background
Background,background
Background,background
Background,background
Background,background
Background,background
Background,background
Background,background
Background,background
Background,background
Background,background
Background,background
Background,background
Background,background
Background,background
Background,background
Background,background
Background,background
Background,background
Background,background
Background,background
Background,background
Background,background
Background,background
Background,background
Background,background
Background,background
Background,background
Background,background
Background,background
Background,background
Background,background
Background,background
Background,background
Background,background
Background,background
Background,background
Background,background
Background,background
Background,background
Background,background
Background,background
Background,background
Background,background
Background,background
Background,background
Background,background
Background,background
Background,background
Background,background
Background,background
Background,background
Background,background
Background,background
Background,background
Background,background
Background,background
Background,background
Background,background
Background,background
Background,background
Background,background
Background,background
Background,background
Background,background
Background,background
Background,background
Background,background
Background,background
Background,background
Background,background
Background,background
Background,background
Background,background
Background,background
Background,background
Background,background
Background,background
Background,background
Background,background
Background,background
Background,background
Background,background
Background,background
Background,background
Background,background
Background,background
Background,background
Background,background
Background,background
Background,background
Background,background
Background,background
Background,background
Background,background
Background,background
Background,background
Background,background
Background,background
Background,background
Background,background
Background,background
Background,background
Background,background
Background,background
Background,background
Background,background
Background,background
Background,background
Background,background
Background,background
Background,background
Background,background
Background,background
Background,background
Background,background
Background,background
Background,background
Background,background
Background,background
Background,background
Background,background
Background,background
Background,background
Background,background
Background,background
Background,background
Background,background
Background,background
Background,background
Background,background
Background,background
Background,background
Background,background
Background,background
Background,background
Background,background
Background,background
Background,background
Background,background
Background,background
Background,background
Background,background
Background,background
Background,background
Background,background
Background,background
Background,background
Background,background
Background,background
Background,background
Background,background
Background,background
Background,background
Background,background
Background,background
Background,background
Background,background
Background,background
Background,background
Background,background
Background,background
Background,background
Background,background
Background,background
Background,background
Background,background
Background,background
Background,background
Background,background
Background,background
Background,background
Background,background
Background,background
Background,background
Background,background
Background,background
Background,background
Background,background
Background,background
Background,background
Background,background
Background,background
Background,background
Background,background
Background,background
Background,background
Background,background
Background,background
Background,background
Background,background
Background,background
Background,background
Background,background
Background,background
Background,background
Background,background
Background,background
Background,background
Background,background
Background,background
Background,background
Background,background
Background,background
Background,background
Background,background
Background,background
Background,background
Background,background
Background,background
Background,background
Background,background
Background,background
Background,background
Background,background
Background,background
Background,background
Background,background
Background,background
Background,background
Background,background
Background,background
Background,background
Background,background
Background,background
Background,background
Background,background
Background,background
Background,background
Background,background
Background,background
Background,background
Background,background
Background,background
Background,background
Background,background
Background,background
Background,background
Background,background
Background,background
Background,background
Background,background
Background,background
Background,background
Background,background
Background,background
Background,background
Background,background
Background,background
Background,background
Background,background
Background,background
Background,background
Background,background
Background,background
Background,background
Background,background
Background,background
Background,background
Background,background
Background,background
Background,background
Background,background
Background,background
Background,background
Background,background
Background,background
Background,background
Background,background
Background,background
Background,background
Background,background
Background,background
Background,background
Background,background
Background,background
Background,background
Background,background
Background,background
Background,background
Background,background
Background,background
Background,background
Background,background
Background,background
Background,background
Background,background
Background,background
Background,background
Background,background
Background,background
Background,background
Background,background
Background,background
Background,background
Background,background
Background,background
Background,background
Background,background
Background,background
Background,background
Background,background
Background,background
Background,background
Background,background
Background,background
Background,background
Background,background
Background,background
Background,background
Background,background
Background,background
Background,background
Background,background
Background,background
Background,background
Background,background
Background,background
Background,background
Background,background
Background,background
Background,background
Background,background
Background,background
Background,background
Background,background
Background,background
Background,background
Background,background
Background,background
Background,background
Background,background
Background,background
Background,background
Background,background
Background,background
Background,background
Background,background
Background,background
Background,background
Background,background
Background,background
Background,background
Background,background
Background,background
Background,background
Background,background
Background,background
Background,background
Background,background
Background,background
Background,background
Background,background
Background,background
Background,background
Background,background
Background,background
Background,background
Background,background
Background,background
Background,background
Background,background
Background,background
Background,background
Background,background
Background,background
Background,background
Background,background
Background,background
Background,background
Background,background
Background,background
Background,background
Background,background
Background,background
Background,background
Background,background
Background,background
Background,background
Background,background
Background,background
Background,background
Background,background
Background,background
Background,background
Background,background
Background,background
Background,background
Background,background
Background,background
Background,background
Background,background
Background,background
Background,background
Background,background
Background,background
Background,background
Background,background
Background,background
Background,background
Background,background
Background,background
Background,background
Background,background
Background,background
Background,background
Background,background
Background,background
Background,background
Background,background
Background,background
Background,background
Background,background
Background,background
Background,background
Background,background
Background,background
Background,background
Background,background
Background,background
Background,background
Background,background
Background,background
Background,background
Background,background
Background,background
Background,background
Background,background
Background,background
Background,background
Background,background
Background,background
Background,background
Background,background
Background,background
Background,background
Background,background
Background,background
Background,background
Background,background
Background,background
Background,background
Background,background
Background,background
Background,background
Background,background
Background,background
Background,background
Background,background
Background,background
Background,background
Background,background
Background,background
Background,background
Background,background
Background,background
Background,background
Background,background
Background,background
Background,background
Background,background
Background,background
Background,background
Background,background
Background,background
Background,background
Background,background
Background,background
Background,background
Background,background
Background,background
Background,background
Background,background
Background,background
Background,background
Background,background
Background,background
Background,background
Background,background
Background,background
Background,background
Background,background
Background,background
Background,background
Background,background
Background,background
Background,background
Background,background
Background,background
Background,background
Background,background
Background,background
Background,background
Background,background
Background,background
Background,background
Background,background
Background,background
Background,background
Background,background
Background,background
Background,background
Background,background
Background,background
Background,background
Background,background
Background,background
Background,background
Background,background
Background,background
Background,background
Background,background
Background,background
Background,background
Background,background
Background,background
Background,background
Background,background
Background,background
Background,background
Background,background
Background,background
Background,background
Background,background
Background,background
Background,background
Background,background
Background,background
Background,background
Background,background
Background,background
Background,background
Background,background
Background,background
Background,background
Background,background
Background,background
Background,background
Background,background
Background,background
Background,background
Background,background
Background,background
Background,background
Background,background
Background,background
Background,background
Background,background
Background,background
Background,background
Background,background
Background,background
Background,background
Background,background
Background,background
Background,background
Background,background
Background,background
Background,background
Background,background
Background,background
Background,background
Background,background
Background,background
Background,background
Background,background
Background,background
Background,background
Background,background
Background,background
Background,background
Background,background
Background,background
Background,background
Background,background
Background,background
Background,background
Background,background
Background,background
Background,background
Background,background
Background,background
Background,background
Background,background
Background,background
Background,background
Background,background
Background,background
Background,background
Background,background
Background,background
Background,background
Background,background
Background,background
Background,background
Background,background
Background,background
Background,background
Background,background
Background,background
Background,background
Background,background
Background,background
Background,background
Background,background
Background,background
Background,background
Background,background
Background,background
Background,background
Background,background
Background,background
Background,background
Background,background
Background,background
Background,background
Background,background
Background,background
Background,background
Background,background
Background,background
Background,background
Background,background
Background,background
Background,background
Background,background
Background,background
Background,background
Background,background
Background,background
Background,background
Background,background
Background,background
Background,background
Background,background
Background,background
Background,background
Background,background
Background,background
Background,background
Background,background
Background,background
Background,background
Background,background
Background,background
Background,background
Background,background
Background,background
Background,background
Background,background
Background,background
Background,background
Background,background
Background,background
Background,background
Background,background
Background,background
Background,background
Background,background
Background,background
Background,background
Background,background
Background,background
Background,background
Background,background
Background,background
Background,background
Background,background
Background,background
Background,background
Background,background
Background,background
Background,background
Background,background
Background,background
Background,background
Background,background
Background,background
Background,background
Background,background
Background,background
Background,background
Background,background
Background,background
Background,background
Background,background
Background,background
Background,background
Background,background
Background,background
Background,background
Background,background
Background,background
Background,background
Background,background
Background,background
Background,background
Background,background
Background,background
Background,background
Background,background
Background,background
Background,background
Background,background
Background,background
Background,background
Background,background
Background,background
Background,background
Background,background
Background,background
Background,background
Background,background
Background,background
Background,background
Background,background
Background,background
Background,background
Background,background
Background,background
Background,background
Background,background
Background,background
Background,background
Background,background
Background,background
Background,background
Background,background
Background,background
Background,background
Background,background
Background,background
Background,background
Background,background
Background,background
Background,background
Background,background
Background,background
Background,background
Background,background
Background,background
Background,background
Background,background
Background,background
Background,background
Background,background
Background,background
Background,background
Background,background
Background,background
Background,background
Background,background
Background,background
Background,background
Background,background
Background,background
Background,background
Background,background
Background,background
Background,background
Background,background
Background,background
Background,background
Background,background
Background,background
Background,background
Background,background
Background,background
Background,background
Background,background
Background,background
Background,background
Background,background
Background,background
Background,background
Background,background
Background,background
Background,background
Background,background
Background,background
Background,background
Background,background
Background,background
Background,background
Background,background
Background,background
Background,background
Background,background
Background,background
Background,background
Background,background
Background,background
Background,background
Background,background
Background,background
Background,background
Background,background
Background,background
Background,background
Background,background
Background,background
Background,background
Background,background
Background,background
Background,background
Background,background
Background,background
Background,background
Background,background
Background,background
Background,background
Background,background
Background,background
Background,background
Background,background
Background,background
Background,background
Background,background
Background,background
Background,background
Background,background
Background,background
Background,background
Background,background
Background,background
Background,background
Background,background
Background,background
Background,background
Background,background
Background,background
Background,background
Background,background
Background,background
Background,background
Background,background
Background,background
Background,background
Background,background
Background,background
Background,background
Background,background
Background,background
Background,background
Background,background
Background,background
Background,background
Background,background
Background,background
Background,background
Background,background
Background,background
Background,background
Background,background
Background,background
Background,background
Background,background
Background,background
Background,background
Background,background
Background,background
Background,background
Background,background
Background,background
Background,background
Background,background
Background,background
Background,background
Background,background
Background,background
Background,background
Background,background
Background,background
Background,background
Background,background
Background,background
Background,background
Background,background
Background,background
Background,background
Background,background
Background,background
Background,background
Background,background
Background,background
Background,background
Background,background
Background,background
Background,background
Background,background
Background,background
Background,background
Background,background
Background,background
Background,background
Background,background
Background,background
Background,background
Background,background
Background,background
Background,background
Background,background
Background,background
Background,background
Background,background
Background,background
Background,background
Background,background
Background,background
Background,background
Background,background
Background,background
Background,background
Background,background
Background,background
Background,background
Background,background
Background,background
Background,background
Background,background
Background,background
Background,background
Background,background
Background,background
Background,background
Background,background
Background,background
Background,background
Background,background
Background,background
Background,background
Background,background
Background,background
Background,background
Background,background
Background,background
Background,background
Background,background
Background,background
Background,background
Background,background
Background,background
Background,background
Background,background
Background,background
Background,background
Background,background
Background,background
Background,background
Background,background
Background,background
Background,background
Background,background
Background,background
Background,background
Background,background
Background,background
Background,background
Background,background
Background,background
Background,background
Background,background
Background,background
Background,background
Background,background
Background,background
Background,background
Background,background
Background,background
Background,background
Background,background
Background,background
Background,background
Background,background
Background,background
Background,background
Background,background
Background,background
Background,background
Background,background
Background,background
Background,background
Background,background
Background,background
Background,background
Background,background
Background,background
Background,background
Background,background
Background,background
Background,background
Background,background
Background,background
Background,background
Background,background
Background,background
Background,background
Background,background
Background,background
Background,background
Background,background
Background,background
Background,background
Background,background
Background,background
Background,background
Background,background
Background,background
Background,background
Background,background
Background,background
Background,background
Background,background
Background,background
Background,background
Background,background
Background,background
Background,background
Background,background
Background,background
Background,background
Background,background
Background,background
Background,background
Background,background
Background,background
Background,background
Background,background
Background,background
Background,background
Background,background
Background,background
Background,background
Background,background
Background,background
Background,background
Background,background
Background,background
Background,background
Background,background
Background,background
Background,background
Background,background
Background,background
Background,background
Background,background
Background,background
Background,background
Background,background
Background,background
Background,background
Background,background
Background,background
Background,background
Background,background
Background,background
Background,background
Background,background
Background,background
Background,background
Background,background
Background,background
Background,background
Background,background
Background,background
Background,background
Background,background
Background,background
Background,background
Background,background
Background,background
Background,background
Background,background
Background,background
Background,background
Background,background
Background,background
Background,background
Background,background
Background,background
Background,background
Background,background
Background,background
Background,background
Background,background
Background,background
Background,background
Background,background
Background,background
Background,background
Background,background
Background,background
Background,background
Background,background
Background,background
Background,background
Background,background
Background,background
Background,background
Background,background
Background,background
Background,background
Background,background
Background,background
Background,background
Background,background
Background,background
Background,background
Background,background
Background,background
Background,background
Background,background
Background,background
Background,background
Background,background
Background,background
Background,background
Background,background
Background,background
Background,background
Background,background
Background,background
Background,background
Background,background
Background,background
Background,background
Background,background
Background,background
Background,background
Background,background
Background,background
Background,background
Background,background
Background,background
Background,background
Background,background
Background,background
Background,background
Background,background
Background,background
Background,background
Background,background
Background,background
Background,background
Background,background
Background,background
Background,background
Background,background
Background,background
Background,background
Background,background
Background,background
Background,background
Background,background
Background,background
Background,background
Background,background
Background,background
Background,background
Background,background
Background,background
Background,background
Background,background
Background,background
Background,background
Background,background
Background,background
Background,background
Background,background
Background,background
Background,background
Background,background
Background,background
Background,background
Background,background
Background,background
Background,background
Background,background
Background,background
Background,background
Background,background
Background,background
Background,background
Background,background
Background,background
Background,background
Background,background
Background,background
Background,background
Background,background
Background,background
Background,background
Background,background
Background,background
Background,background
Background,background
Background,background
Background,background
Background,background
Background,background
Background,background
Background,background
Background,background
Background,background
Background,background
Background,background
Background,background
Background,background
Background,background
Background,background
Background,background
Background,background
Background,background
Background,background
Background,background
Background,background
Background,background
Background,background
Background,background
Background,background
Background,background
Background,background
Background,background
Background,background
Background,background
Background,background
Background,background
Background,background
Background,background
Background,background
Background,background
Background,background
Background,background
Background,background
Background,background
Background,background
Background,background
Background,background
Background,background
Background,background
Background,background
Background,background
Background,background
Background,background
Background,background
Background,background
Background,background
Background,background
Background,background
Background,background
Background,background
Background,background
Background,background
Background,background
Background,background
Background,background
Background,background
Background,background
Background,background
Background,background
Background,background
Background,background
Background,background
Background,background
Background,background
Background,background
Background,background
Background,background
Background,background
Background,background
Background,background
Background,background
Background,background
Background,background
Background,background
Background,background
Background,background
Background,background
Background,background
Background,background
Background,background
Background,background
Background,background
Background,background
Background,background
Background,background
Background,background
Background,background
Background,background
Background,background
Background,background
Background,background
Background,background
Background,background
Background,background
Background,background
Background,background
Background,background
Background,background
Background,background
Background,background
Background,background
Background,background
Background,background
Background,background
Background,background
Background,background
Background,background
Background,background
Background,background
Background,background
Background,background
Background,background
Background,background
Background,background
Background,background
Background,background
Background,background
Background,background
Background,background
Background,background
Background,background
Background,background
Background,background
Background,background
Background,background
Background,background
Background,background
Background,background
Background,background
Background,background
Background,background
Background,background
Background,background
Background,background
Background,background
Background,background
Background,background
Background,background
Background,background
Background,background
Background,background
Background,background
Background,background
Background,background
Background,background
Background,background
Background,background
Background,background
Background,background
Background,background
Background,background
Background,background
Background,background
Background,background
Background,background
Background,background
Background,background
Background,background
Background,background
Background,background
Background,background
Background,background
Background,background
Background,background
Background,background
Background,background
Background,background
Background,background
Background,background
Background,background
Background,background
Background,background
Background,background
Background,background
Background,background
Background,background
Background,background
Background,background
Background,background
Background,background
Background,background
Background,background
Background,background
Background,background
Background,background
Background,background
Background,background
Background,background
Background,background
Background,background
Background,background
Background,background
Background,background
Background,background
Background,background
Background,background
Background,background
Background,background
Background,background
Background,background
Background,background
Background,background
Background,background
Background,background
Background,background
Background,background
Background,background
Background,background
Background,background
Background,background
Background,background
Background,background
Background,background
Background,background
Background,background
Background,background
Background,background
Background,background
Background,background
Background,background
Background,background
Background,background
Background,background
Background,background
Background,background
Background,background
Background,background
Background,background
Background,background
Background,background
Background,background
Background,background
Background,background
Background,background
Background,background
Background,background
Background,background
Background,background
Background,background
Background,background
Background,background
Background,background
Background,background
Background,background
Background,background
Background,background
Background,background
Background,background
Background,background
Background,background
Background,background
Background,background
Background,background
Background,background
Background,background
Background,background
Background,background
Background,background
Background,background
Background,background
Background,background
Background,background
Background,background
Background,background
Background,background
Background,background
Background,background
Background,background
Background,background
Background,background
Background,background
Background,background
Background,background
Background,background
Background,background
Background,background
Background,background
Background,background
Background,background
Background,background
Background,background
Background,background
Background,background
Background,background
Background,background
Background,background
Background,background
Background,background
Background,background
Background,background
Background,background
Background,background
Background,background
Background,background
Background,background
Background,background
Background,background
Background,background
Background,background
Background,background
Background,background
Background,background
Background,background
Background,background
Background,background
Background,background
Background,background
Background,background
Background,background
Background,background
Background,background
Background,background
Background,background
Background,background
Background,background
Background,background
Background,background
Background,background
Background,background
Background,background
Background,background
Background,background
Background,background
Background,background
Background,background
Background,background
Background,background
Background,background
Background,background
Background,background
Background,background
Background,background
Background,background
Background,background
Background,background
Background,background
Background,background
Background,background
Background,background
Background,background
Background,background
Background,background
Background,background
Background,background
Background,background
Background,background
Background,background
Background,background
Background,background
Background,background
Background,background
Background,background
Background,background
Background,background
Background,background
Background,background
Background,background
Background,background
Background,background
Background,background
Background,background
Background,background
Background,background
Background,background
Background,background
Background,background
Background,background
Background,background
Background,background
Background,background
Background,background
Background,background
Background,background
Background,background
Background,background
Background,background
Background,background
Background,background
Background,background
Background,background
Background,background
Background,background
Background,background
Background,background
Background,background
Background,background
Background,background
Background,background
Background,background
Background,background
Background,background
Background,background
Background,background
Background,background
Background,background
Background,background
Background,background
Background,background
Background,background
Background,background
Background,background
Background,background
Background,background
Background,background
Background,background
Background,background
Background,background
Background,background
Background,background
Background,background
Background,background
Background,background
Background,background
Background,background
Background,background
Background,background
Background,background
Background,background
Background,background
Background,background
Background,background
Background,background
Background,background
Background,background
Background,background
Background,background
Background,background
Background,background
Background,background
Background,background
Background,background
Background,background
Background,background
Background,background
Background,background
Background,background
Background,background
Background,background
Background,background
Background,background
Background,background
Background,background
Background,background
Background,background
Background,background
Background,background
Background,background
Background,background
Background,background
Background,background
Background,background
Background,background
Background,background
Background,background
Background,background
Background,background
Background,background
Background,background
Background,background
Background,background
Background,background
Background,background
Background,background
Background,background
Background,background
Background,background
Background,background
Background,background
Background,background
Background,background
Background,background
Background,background
Background,background
Background,background
Background,background
Background,background
Background,background
Background,background
Background,background
Background,background
Background,background
Background,background
Background,background
Background,background
Background,background
Background,background
Background,background
Background,background
Background,background
Background,background
Background,background
Background,background
Background,background
Background,background
Background,background
Background,background
Background,background
Background,background
Background,background
Background,background
Background,background
Background,background
Background,background
Background,background
Background,background
Background,background
Background,background
Background,background
Background,background
Background,background
Background,background
Background,background
Background,background
Background,background
Background,background
Background,background
Background,background
Background,background
Background,background
Background,background
Background,background
Background,background
Background,background
Background,background
Background,background
Background,background
Background,background
Background,background
Background,background
Background,background
Background,background
Background,background
Background,background
Background,background
Background,background
Background,background
Background,background
Background,background
Background,background
Background,background
Background,background
Background,background
Background,background
Background,background
Background,background
Background,background
Background,background
Background,background
Background,background
Background,background
Background,background
Background,background
Background,background
Background,background
Background,background
Background,background
Background,background
Background,background
Background,background
Background,background
Background,background
Background,background
Background,background
Background,background
Background,background
Background,background
Background,background
Background,background
Background,background
Background,background
Background,background
Background,background
Background,background
Background,background
Background,background
Background,background
Background,background
Background,background
Background,background
Background,background
Background,background
Background,background
Background,background
Background,background
Background,background
Background,background
Background,background
Background,background
Background,background
Background,background
Background,background
Background,background
Background,background
Background,background
Background,background
Background,background
Background,background
Background,background
Background,background
Background,background
Background,background
Background,background
Background,background
Background,background
Background,background
Background,background
Background,background
Background,background
Background,background
Background,background
Background,background
Background,background
Background,background
Background,background
Background,background
Background,background
Background,background
Background,background
Background,background
Background,background
Background,background
Background,background
Background,background
Background,background
Background,background
Background,background
Background,background
Background,background
Background,background
Background,background
Background,background
Background,background
Background,background
Background,background
Background,background
Background,background
Background,background
Background,background
Background,background
Background,background
Background,background
Background,background
Background,background
Background,background
Background,background
Background,background
Background,background
Background,background
Background,background
Background,background
Background,background
Background,background
Background,background
Background,background
Background,background
Background,background
Background,background
Background,background
Background,background
Background,background
Background,background
Background,background
Background,background
Background,background
Background,background
Background,background
Background,background
Background,background
Background,background
Background,background
Background,background
Background,background
Background,background
Background,background
Background,background
Background,background
Background,background
Background,background
Background,background
Background,background
Background,background
Background,background
Background,background
Background,background
Background,background
Background,background
Background,background
Background,background
Background,background
Background,background
Background,background
Background,background
Background,background
Background,background
Background,background
Background,background
Background,background
Background,background
Background,background
Background,background
Background,background
Background,background
Background,background
Background,background
Background,background
Background,background
Background,background
Background,background
Background,background
Background,background
Background,background
Background,background
Background,background
Background,background
Background,background
Background,background
Background,background
Background,background
Background,background
Background,background
Background,background
Background,background
Background,background
Background,background
Background,background
Background,background
Background,background
Background,background
Background,background
Background,background
Background,background
Background,background
Background,background
Background,background
Background,background
Background,background
Background,background
Background,background
Background,background
Background,background
Background,background
Background,background
Background,background
Background,background
Background,background
Background,background
Background,background
Background,background
Background,background
Background,background
Background,background
Background,background
Background,background
Background,background
Background,background
Background,background
Background,background
Background,background
Background,background
Background,background
Background,background
Background,background
Background,background
Background,background
Background,background
Background,background
Background,background
Background,background
Background,background
Background,background
Background,background
Background,background
Background,background
Background,background
Background,background
Background,background
Background,background
Background,background
Background,background
Background,background
Background,background
Background,background
Background,background
Background,background
Background,background
Background,background
Background,background
Background,background
Background,background
Background,background
Background,background
Background,background
Background,background
Background,background
Background,background
Background,background
Background,background
Background,background
Background,background
Background,background
Background,background
Background,background
Background,background
Background,background
Background,background
Background,background
Background,background
Background,background
Background,background
Background,background
Background,background
Background,background
Background,background
Background,background
Background,background
Background,background
Background,background
Background,background
Background,background
Background,background
Background,background
Background,background
Background,background
Background,background
Background,background
Background,background
Background,background
Background,background
Background,background
Background,background
Background,background
Background,background
Background,background
Background,background
Background,background
Background,background
Background,background
Background,background
Background,background
Background,background
Background,background
Background,background
Background,background
Background,background
Background,background
Background,background
Background,background
Background,background
Background,background
Background,background
Background,background
Background,background
Background,background
Background,background
Background,background
Background,background
Background,background
Background,background
Background,background
Background,background
Background,background
Background,background
Background,background
Background,background
Background,background
Background,background
Background,background
Background,background
Background,background
Background,background
Background,background
Background,background
Background,background
Background,background
Background,background
Background,background
Background,background
Background,background
Background,background
Background,background
Background,background
Background,background
Background,background
Background,background
Background,background
Background,background
Background,background
Background,background
Background,background
Background,background
Background,background
Background,background
Background,background
Background,background
Background,background
Background,background
Background,background
Background,background
Background,background
Background,background
Background,background
Background,background
Background,background
Background,background
Background,background
Background,background
Background,background
Background,background
Background,background
Background,background
Background,background
Background,background
Background,background
Background,background
Background,background
Background,background
Background,background
Background,background
Background,background
Background,background
Background,background
Background,background
Background,background
Background,background
Background,background
Background,background
Background,background
Background,background
Background,background
Background,background
Background,background
Background,background
Background,background
Background,background
Background,background
Background,background
Background,background
Background,background
Background,background
Background,background
Background,background
Background,background
Background,background
Background,background
Background,background
Background,background
Background,background
Background,background
Background,background
Background,background
Background,background
Background,background
Background,background
Background,background
Background,background
Background,background
Background,background
Background,background
Background,background
Background,background
Background,background
Background,background
Background,background
Background,background
Background,background
Background,background
Background,background
Background,background
Background,background
Background,background
Background,background
Background,background
Background,background
Background,background
Background,background
Background,background
Background,background
Background,background
Background,background
Background,background
Background,background
Background,background
Background,background
Background,background
Background,background
Background,background
Background,background
Background,background
Background,background
Background,background
Background,background
Background,background
Background,background
Background,background
Background,background
Background,background
Background,background
Background,background
Background,background
Background,background
Background,background
Background,background
Background,background
Background,background
Background,background
Background,background
Background,background
Background,background
Background,background
Background,background
Background,background
Background,background
Background,background
Background,background
Background,background
Background,background
Background,background
Background,background
Background,background
Background,background
Background,background
Background,background
Background,background
Background,background
Background,background
Background,background
Background,background
Background,background
Background,background
Background,background
Background,background
Background,background
Background,background
Background,background
Background,background
Background,background
Background,background
Background,background
Background,background
Background,background
Background,background
Background,background
Background,background
Background,background
Background,background
Background,background
Background,background
Background,background
Background,background
Background,background
Background,background
Background,background
Background,background
Background,background
Background,background
Background,background
Background,background
Background,background
Background,background
Background,background
Background,background
Background,background
Background,background
Background,background
Background,background
Background,background
Background,background
Background,background
Background,background
Background,background
Background,background
Background,background
Background,background
Background,background
Background,background
Background,background
Background,background
Background,background
Background,background
Background,background
Background,background
Background,background
Background,background
Background,background
Background,background
Background,background
Background,background
Background,background
Background,background
Background,background
Background,background
Background,background
Background,background
Background,background
Background,background
Background,background
Background,background
Background,background
Background,background
Background,background
Background,background
Background,background
Background,background
Background,background
Background,background
Background,background
Background,background
Background,background
Background,background
Background,background
Background,background
Background,background
Background,background
Background,background
Background,background
Background,background
Background,background
Background,background
Background,background
Background,background
Background,background
Background,background
Background,background
Background,background
Background,background
Background,background
Background,background
Background,background
Background,background
Background,background
Background,background
Background,background
Background,background
Background,background
Background,background
Background,background
Background,background
Background,background
Background,background
Background,background
Background,background
Background,background
Background,background
Background,background
Background,background
Background,background
Background,background
Background,background
Background,background
Background,background
Background,background
Background,background
Background,background
Background,background
Background,background
Background,background
Background,background
Background,background
Background,background
Background,background
Background,background
Background,background
Background,background
Background,background
Background,background
Background,background
Background,background
Background,background
Background,background
Background,background
Background,background
Background,background
Background,background
Background,background
Background,background
Background,background
Background,background
Background,background
Background,background
Background,background
Background,background
Background,background
Background,background
Background,background
Background,background
Background,background
Background,background
Background,background
Background,background
Background,background
Background,background
Background,background
Background,background
Background,background
Background,background
Background,background
Background,background
Background,background
Background,background
Background,background
Background,background
Background,background
Background,background
Background,background
Background,background
Background,background
Background,background
Background,background
Background,background
Background,background
Background,background
Background,background
Background,background
Background,background
Background,background
Background,background
Background,background
Background,background
Background,background
Background,background
Background,background
Background,background
Background,background
Background,background
Background,background
Background,background
Background,background
Background,background
Background,background
Background,background
Background,background
Background,background
Background,background
Background,background
Background,background
Background,background
Background,background
Background,background
Background,background
Background,background
Background,background
Background,background
Background,background
Background,background
Background,background
Background,background
Background,background
Background,background
Background,background
Background,background
Background,background
Background,background
Background,background
Background,background
Background,background
Background,background
Background,background
Background,background
Background,background
Background,background
Background,background
Background,background
Background,background
Background,background
Background,background
Background,background
Background,background
Background,background
Background,background
Background,background
Background,background
Background,background
Background,background
Background,background
Background,background
Background,background
Background,background
Background,background
Background,background
Background,background
Background,background
Background,background
Background,background
Background,background
Background,background
Background,background
Background,background
Background,background
Background,background
Background,background
Background,background
Background,background
Background,background
Background,background
Background,background
Background,background
Background,background
Background,background
Background,background
Background,background
Background,background
Background,background
Background,background
Background,background
Background,background
Background,background
Background,background
Background,background
Background,background
Background,background
Background,background
Background,background
Background,background
Background,background
Background,background
Background,background
Background,background
Background,background
Background,background
Background,background
Background,background
Background,background
Background,background
Background,background
Background,background
Background,background
Background,background
Background,background
Background,background
Background,background
Background,background
Background,background
Background,background
Background,background
Background,background
Background,background
Background,background
Background,background
Background,background
Background,background
Background,background
Background,background
Background,background
Background,background
Background,background
Background,background
Background,background
Background,background
Background,background
Background,background
Background,background
Background,background
Background,background
Background,background
Background,background
Background,background
Background,background
Background,background
Background,background
Background,background
Background,background
Background,background
Background,background
Background,background
Background,background
Background,background
Background,background
Background,background
Background,background
Background,background
Background,background
Background,background
Background,background
Background,background
Background,background
Background,background
Background,background
Background,background
Background,background
Background,background
Background,background
Background,background
Background,background
Background,background
Background,background
Background,background
Background,background
Background,background
Background,background
Background,background
Background,background
Background,background
Background,background
Background,background
Background,background
Background,background
Background,background
Background,background
Background,background
Background,background
Background,background
Background,background
Background,background
Background,background
Background,background
Background,background
Background,background
Background,background
Background,background
Background,background
Background,background
Background,background
Background,background
Background,background
Background,background
Background,background
Background,background
Background,background
Background,background
Background,background
Background,background
Background,background
Background,background
Background,background
Background,background
Background,background
Background,background
Background,background
Background,background
Background,background
Background,background
Background,background
Background,background
Background,background
Background,background
Background,background
Background,background
Background,background
Background,background
Background,background
Background,background
Background,background
Background,background
Background,background
Background,background
Background,background
Background,background
Background,background
Background,background
Background,background
Background,background
Background,background
Background,background
Background,background
Background,background
Background,background
Background,background
Background,background
Background,background
Background,background
Background,background
Background,background
Background,background
Background,background
Background,background
Background,background
Background,background
Background,background
Background,background
Background,background
Background,background
Background,background
Background,background
Background,background
Background,background
Background,background
Background,background
Background,background
Background,background
Background,background
Background,background
Background,background
Background,background
Background,background
Background,background
Background,background
Background,background
Background,background
Background,background
Background,background
Background,background
Background,background
Background,background
Background,background
Background,background
Background,background
Background,background
Background,background
Background,background
Background,background
Background,background
Background,background
Background,background
Background,background
Background,background
Background,background
Background,background
Background,background
Background,background
Background,background
Background,background
Background,background
Background,background
Background,background
Background,background
Background,background
Background,background
Background,background
Background,background
Background,background
Background,background
Background,background
Background,background
Background,background
Background,background
Background,background
Background,background
Background,background
Background,background
Background,background
Background,background
Background,background
Background,background
Background,background
Background,background
Background,background
Background,background
Background,background
Background,background
Background,background
Background,background
Background,background
Background,background
Background,background
Background,background
Background,background
Background,background
Background,background
Background,background
Background,background
Background,background
Background,background
Background,background
Background,background
Background,background
Background,background
Background,background
Background,background
Background,background
Background,background
Background,background
Background,background
Background,background
Background,background
Background,background
Background,background
Background,background
Background,background
Background,background
Background,background
Background,background
Background,background
Background,background
Background,background
Background,background
Background,background
Background,background
Background,background
Background,background
Background,background
Background,background
Background,background
Background,background
Background,background
Background,background
Background,background
Background,background
Background,background
Background,background
Background,background
Background,background
Background,background
Background,background
Background,background
Background,background
Background,background
Background,background
Background,background
Background,background
Background,background
Background,background
Background,background
Background,background
Background,background
Background,background
Background,background
Background,background
Background,background
Background,background
Background,background
Background,background
Background,background
Background,background
Background,background
Background,background
Background,background
Background,background
Background,background
Background,background
Background,background
Background,background
Background,background
Background,background
Background,background
Background,background
Background,background
Background,background
Background,background
Background,background
Background,background
Background,background
Background,background
Background,background
Background,background
Background,background
Background,background
Background,background
Background,background
Background,background
Background,background
Background,background
Background,background
Background,background
Background,background
Background,background
Background,background
Background,background
Background,background
Background,background
Background,background
Background,background
Background,background
Background,background
Background,background
Background,background
Background,background
Background,background
Background,background
Background,background
Background,background
Background,background
Background,background
Background,background
Background,background
Background,background
Background,background
Background,background
Background,background
Background,background
Background,background
Background,background
Background,background
Background,background
Background,background
Background,background
Background,background
Background,background
Background,background
Background,background
Background,background
Background,background
Background,background
Background,background
Background,background
Background,background
Background,background
Background,background
Background,background
Background,background
Background,background
Background,background
Background,background
Background,background
Background,background
Background,background
Background,background
Background,background
Background,background
Background,background
Background,background
Background,background
Background,background
Background,background
Background,background
Background,background
Background,background
Background,background
Background,background
Background,background
Background,background
Background,background
Background,background
Background,background
Background,background
Background,background
Background,background
Background,background
Background,background
Background,background
Background,background
Background,background
Background,background
Background,background
Background,background
Background,background
Background,background
Background,background
Background,background
Background,background
Background,background
Background,background
Background,background
Background,background
Background,background
Background,background
Background,background
Background,background
Background,background
Background,background
Background,background
Background,background
Background,background
Background,background
Background,background
Background,background
Background,background
Background,background
Background,background
Background,background
Background,background
Background,background
Background,background
Background,background
Background,background
Background,background
Background,background
Background,background
Background,background
Background,background
Background,background
Background,background
Background,background
Background,background
Background,background
Background,background
Background,background
Background,background
Background,background
Background,background
Background,background
Background,background
Background,background
Background,background
Background,background
Background,background
Background,background
Background,background
Background,background
Background,background
Background,background
Background,background
Background,background
Background,background
Background,background
Background,background
Background,background
Background,background
Background,background
Background,background
Background,background
Background,background
Background,background
Background,background
Background,background
Background,background
Background,background
Background,background
Background,background
Background,background
Background,background
Background,background
Background,background
Background,background
Background,background
Background,background
Background,background
Background,background
Background,background
Background,background
Background,background
Background,background
Background,background
Background,background
Background,background
Background,background
Background,background
Background,background
Background,background
Background,background
Background,background
Background,background
Background,background
Background,background
Background,background
Background,background
Background,background
Background,background
Background,background
Background,background
Background,background
Background,background
Background,background
Background,background
Background,background
Background,background
Background,background
Background,background
Background,background
Background,background
Background,background
Background,background
Background,background
Background,background
Background,background
Background,background
Background,background
Background,background
Background,background
Background,background
Background,background
Background,background
Background,background
Background,background
Background,background
Background,background
Background,background
Background,background
Background,background
Background,background
Background,background
Background,background
Background,background
Background,background
Background,background
Background,background
Background,background
Background,background
Background,background
Background,background
Background,background
Background,background
Background,background
Background,background
Background,background
Background,background
Background,background
Background,background
Background,background
Background,background
Background,background
Background,background
Background,background
Background,background
Background,background
Background,background
Background,background
Background,background
Background,background
Background,background
Background,background
Background,background
Background,background
Background,background
Background,background
Background,background
Background,background
Background,background
Background,background
Background,background
Background,background
Background,background
Background,background
Background,background
Background,background
Background,background
Background,background
Background,background
Background,background
Background,background
Background,background
Background,background
Background,background
Background,background
Background,background
Background,background
Background,background
Background,background
Background,background
Background,background
Background,background
Background,background
Background,background
Background,background
Background,background
Background,background
Background,background
Background,background
Background,background
Background,background
Background,background
Background,background
Background,background
Background,background
Background,background
Background,background
Background,background
Background,background
Background,background
Background,background
Background,background
Background,background
Background,background
Background,background
Background,background
Background,background
Background,background
Background,background
Background,background
Background,background
Background,background
Background,background
Background,background
Background,background
Background,background
Background,background
Background,background
Background,background
Background,background
Background,background
Background,background
Background,background
Background,background
Background,background
Background,background
Background,background
Background,background
Background,background
Background,background
Background,background
Background,background
Background,background
Background,background
Background,background
Background,background
Background,background
Background,background
Background,background
Background,background
Background,background
Background,background
Background,background
Background,background
Background,background
Background,background
Background,background
Background,background
Background,background
Background,background
Background,background
Background,background
Background,background
Background,background
Background,background
Background,background
Background,background
Background,background
Background,background
Background,background
Background,background
Background,background
Background,background
Background,background
Background,background
Background,background
Background,background
Background,background
Background,background
Background,background
Background,background
Background,background
Background,background
Background,background
Background,background
Background,background
Background,background
Background,background
Background,background
Background,background
Background,background
Background,background
Background,background
Background,background
Background,background
Background,background
Background,background
Background,background
Background,background
Background,background
Background,background
Background,background
Background,background
Background,background
Background,background
Background,background
Background,background
Background,background
Background,background
Background,background
Background,background
Background,background
Background,background
Background,background
Background,background
Background,background
Background,background
Background,background
Background,background
Background,background
Background,background
Background,background
Background,background
Background,background
Background,background
Background,background
Background,background
Background,background
Background,background
Background,background
Background,background
Background,background
Background,background
Background,background
Background,background
Background,background
Background,background
Background,background
Background,background
Background,background
Background,background
Background,background
Background,background
Background,background
Background,background
Background,background
Background,background
Background,background
Background,background
Background,background
Background,background
Background,background
Background,background
Background,background
Background,background
Background,background
Background,background
Background,background
Background,background
Background,background
Background,background
Background,background
Background,background
Background,background
Background,background
Background,background
Background,background
Background,background
Background,background
Background,background
Background,background
Background,background
Background,background
Background,background
Background,background
Background,background
Background,background
Background,background
Background,background
Background,background
Background,background
Background,background
Background,background
Background,background
Background,background
Background,background
Background,background
Background,background
Background,background
Background,background
Background,background
Background,background
Background,background
Background,background
Background,background
Background,background
Background,background
Background,background
Background,background
Background,background
Background,background
Background,background
Background,background
Background,background
Background,background
Background,background
Background,background
Background,background
Background,background
Background,background
Background,background
Background,background
Background,background
Background,background
Background,background
Background,background
Background,background
Background,background
Background,background
Background,background
Background,background
Background,background
Background,background
Background,background
Background,background
Background,background
Background,background
Background,background
Background,background
Background,background
Background,background
Background,background
Background,background
Background,background
Background,background
Background,background
Background,background
Background,background
Background,background
Background,background
Background,background
Background,background
Background,background
Background,background
Background,background
Background,background
Background,background
Background,background
Background,background
Background,background
Background,background
Background,background
Background,background
Background,background
Background,background
Background,background
Background,background
Background,background
Background,background
Background,background
Background,background
Background,background
Background,background
Background,background
Background,background
Background,background
Background,background
Background,background
Background,background
Background,background
Background,background
Background,background
Background,background
Background,background
Background,background
Background,background
Background,background
Background,background
Background,background
Background,background
Background,background
Background,background
Background,background
Background,background
Background,background
Background,background
Background,background
Background,background
Background,background
Background,background
Background,background
Background,background
Background,background
Background,background
Background,background
Background,background
Background,background
Background,background
Background,background
Background,background
Background,background
Background,background
Background,background
Background,background
Background,background
Background,background
Background,background
Background,background
Background,background
Background,background
Background,background
Background,background
Background,background
Background,background
Background,background
Background,background
Background,background
Background,background
Background,background
Background,background
Background,background
Background,background
Background,background
Background,background
Background,background
Background,background
Background,background
Background,background
Background,background
Background,background
Background,background
Background,background
Background,background
Background,background
Background,background
Background,background
Background,background
Background,background
Background,background
Background,background
Background,background
Background,background
Background,background
Background,background
Background,background
Background,background
Background,background
Background,background
Background,background
Background,background
Background,background
Background,background
Background,background
Background,background
Background,background
Background,background
Background,background
Background,background
Background,background
Background,background
Background,background
Background,background
Background,background
Background,background
Background,background
Background,background
Background,background
Background,background
Background,background
Background,background
Background,background
Background,background
Background,background
Background,background
Background,background
Background,background
Background,background
Background,background
Background,background
Background,background
Background,background
Background,background
Background,background
Background,background
Background,background
Background,background
Background,background
Background,background
Background,background
Background,background
Background,background
Background,background
Background,background
Background,background
Background,background
Background,background
Background,background
Background,background
Background,background
Background,background
Background,background
Background,background
Background,background
Background,background
Background,background
Background,background
Background,background
Background,background
Background,background
Background,background
Background,background
Background,background
Background,background
Background,background
Background,background
Background,background
Background,background
Background,background
Background,background
Background,background
Background,background
Background,background
Background,background
Background,background
Background,background
Background,background
Background,background
Background,background
Background,background
Background,background
Background,background
Background,background
Background,background
Background,background
Background,background
Background,background
Background,background
Background,background
Background,background
Background,background
Background,background
Background,background
Background,background
Background,background
Background,background
Background,background
Background,background
Background,background
Background,background
Background,background
Background,background
Background,background
Background,background
Background,background
Background,background
Background,background
Background,background
Background,background
Background,background
Background,background
Background,background
Background,background
Background,background
Background,background
Background,background
Background,background
Background,background
Background,background
Background,background
Background,background
Background,background
Background,background
Background,background
Background,background
Background,background
Background,background
Background,background
Background,background
Background,background
Background,background
Background,background
Background,background
Background,background
Background,background
Background,background
Background,background
Background,background
Background,background
Background,background
Background,background
Background,background
Background,background
Background,background
Background,background
Background,background
Background,background
Background,background
Background,background
Background,background
Background,background
Background,background
Background,background
Background,background
Background,background
Background,background
Background,background
Background,background
Background,background
Background,background
Background,background
Background,background
Background,background
Background,background
Background,background
Background,background
Background,background
Background,background
Background,background
Background,background
Background,background
Background,background
Background,background
Background,background
Background,background
Background,background
Background,background
Background,background
Background,background
Background,background
Background,background
Background,background
Background,background
Background,background
Background,background
Background,background
Background,background
Background,background
Background,background
Background,background
Background,background
Background,background
Background,background
Background,background
Background,background
Background,background
Background,background
Background,background
Background,background
Background,background
Background,background
Background,background
Background,background
Background,background
Background,background
Background,background
Background,background
Background,background
Background,background
Background,background
Background,background
Background,background
Background,background
Background,background
Background,background
Background,background
Background,background
Background,background
Background,background
Background,background
Background,background
Background,background
Background,background
Background,background
Background,background
Background,background
Background,background
Background,background
Background,background
Background,background
Background,background
Background,background
Background,background
Background,background
Background,background
Background,background
Background,background
Background,background
Background,background
Background,background
Background,background
Background,background
Background,background
Background,background
Background,background
Background,background
Background,background
Background,background
Background,background
Background,background
Background,background
Background,background
Background,background
Background,background
Background,background
Background,background
Background,background
Background,background
Background,background
Background,background
Background,background
Background,background
Background,background
Background,background
Background,background
Background,background
Background,background
Background,background
Background,background
Background,background
Background,background
Background,background
Background,background
Background,background
Background,background
Background,background
Background,background
Background,background
Background,background
Background,background
Background,background
Background,background
Background,background
Background,background
Background,background
Background,background
Background,background
Background,background
Background,background
Background,background
Background,background
Background,background
Background,background
Background,background
Background,background
Background,background
Background,background
Background,background
Background,background
Background,background
Background,background
Background,background
Background,background
Background,background
Background,background
Background,background
Background,background
Background,background
Background,background
Background,background
Background,background
Background,background
Background,background
Background,background
Background,background
Background,background
Background,background
Background,background
Background,background
Background,background
Background,background
Background,background
Background,background
Background,background
Background,background
Background,background
Background,background
Background,background
Background,background
Background,background
Background,background
Background,background
Background,background
Background,background
Background,background
Background,background
Background,background
Background,background
Background,background
Background,background
Background,background
Background,background
Background,background
Background,background
Background,background
Background,background
Background,background
Background,background
Background,background
Background,background
Background,background
Background,background
Background,background
Background,background
Background,background
Background,background
Background,background
Background,background
Background,background
Background,background
Background,background
Background,background
Background,background
Background,background
Background,background
Background,background
Background,background
Background,background
Background,background
Background,background
Background,background
Background,background
Background,background
Background,background
Background,background
Background,background
Background,background
Background,background
Background,background
Background,background
Background,background
Background,background
Background,background
Background,background
Background,background
Background,background
Background,background
Background,background
Background,background
Background,background
Background,background
Background,background
Background,background
Background,background
Background,background
Background,background
Background,background
Background,background
Background,background
Background,background
Background,background
Background,background
Background,background
Background,background
Background,background
Background,background
Background,background
Background,background
Background,background
Background,background
Background,background
Background,background
Background,background
Background,background
Background,background
Background,background
Background,background
Background,background
Background,background
Background,background
Background,background
Background,background
Background,background
Background,background
Background,background
Background,background
Background,background
Background,background
Background,background
Background,background
Background,background
Background,background
Background,background
Background,background
Background,background
Background,background
Background,background
Background,background
Background,background
Background,background
Background,background
Background,background
Background,background
Background,background
Background,background
Background,background
Background,background
Background,background
Background,background
Background,background
Background,background
Background,background
Background,background
Background,background
Background,background
Background,background
Background,background
Background,background
Background,background
Background,background
Background,background
Background,background
Background,background
Background,background
Background,background
Background,background
Background,background
Background,background
Background,background
Background,background
Background,background
Background,background
Background,background
Background,background
Background,background
Background,background
Background,background
Background,background
Background,background
Background,background
Background,background
Background,background
Background,background
Background,background
Background,background
Background,background
Background,background
Background,background
Background,background
Background,background
Background,background
Background,background
Background,background
Background,background
Background,background
Background,background
Background,background
Background,background
Background,background
Background,background
Background,background
Background,background
Background,background
Background,background
Background,background
Background,background
Background,background
Background,background
Background,background
Background,background
Background,background
Background,background
Background,background
Background,background
Background,background
Background,background
Background,background
Background,background
Background,background
Background,background
Background,background
Background,background
Background,background
Background,background
Background,background
Background,background
Background,background
Background,background
Background,background
Background,background
Background,background
Background,background
Background,background
Background,background
Background,background
Background,background
Background,background
Background,background
Background,background
Background,background
Background,background
Background,background
Background,background
Background,background
Background,background
Background,background
Background,background
Background,background
Background,background
Background,background
Background,background
Background,background
Background,background
Background,background
Background,background
Background,background
Background,background
Background,background
Background,background
Background,background
Background,background
Background,background
Background,background
Background,background
Background,background
Background,background
Background,background
Background,background
Background,background
Background,background
Background,background
Background,background
Background,background
Background,background
Background,background
Background,background
Background,background
Background,background
Background,background
Background,background
Background,background
Background,background
Background,background
Background,background
Background,background
Background,background
Background,background
Background,background
Background,background
Background,background
Background,background
Background,background
Background,background
Background,background
Background,background
Background,background
Background,background
Background,background
Background,background
Background,background
Background,background
Background,background
Background,background
Background,background
Background,background
Background,background
Background,background
Background,background
Background,background
Background,background
Background,background
Background,background
Background,background
Background,background
Background,background
Background,background
Background,background
Background,background
Background,background
Background,background
Background,background
Background,background
Background,background
Background,background
Background,background
Background,background
Background,background
Background,background
Background,background
Background,background
Background,background
Background,background
Background,background
Background,background
Background,background
Background,background
Background,background
Background,background
Background,background
Background,background
Background,background
Background,background
Background,background
Background,background
Background,background
Background,background
Background,background
Background,background
Background,background
Background,background
Background,background
Background,background
Background,background
Background,background
Background,background
Background,background
Background,background
Background,background
Background,background
Background,background
Background,background
Background,background
Background,background
Background,background
Background,background
Background,background
Background,background
Background,background
Background,background
Background,background
Background,background
Background,background
Background,background
Background,background
Background,background
Background,background
Background,background
Background,background
Background,background
Background,background
Background,background
Background,background
Background,background
Background,background
Background,background
Background,background
Background,background
Background,background
Background,background
Background,background
Background,background
Background,background
Background,background
Background,background
Background,background
Background,background
Background,background
Background,background
Background,background
Background,background
Background,background
Background,background
Background,background
Background,background
Background,background
Background,background
Background,background
Background,background
Background,background
Background,background
Background,background
Background,background
Background,background
Background,background
Background,background
Background,background
Background,background
Background,background
Background,background
Background,background
Background,background
Background,background
Background,background
Background,background
Background,background
Background,background
Background,background
Background,background
Background,background
Background,background
Background,background
Background,background
Background,background
Background,background
Background,background
Background,background
Background,background
Background,background
Background,background
Background,background
Background,background
Background,background
Background,background
Background,background
Background,background
Background,background
Background,background
Background,background
Background,background
Background,background
Background,background
Background,background
Background,background
Background,background
Background,background
Background,background
Background,background
Background,background
Background,background
Background,background
Background,background
Background,background
Background,background
Background,background
Background,background
Background,background
Background,background
Background,background
Background,background
Background,background
Background,background
Background,background
Background,background
Background,background
Background,background
Background,background
Background,background
Background,background
Background,background
Background,background
Background,background
Background,background
Background,background
Background,background
Background,background
Background,background
Background,background
Background,background
Background,background
Background,background
Background,background
Background,background
Background,background
Background,background
Background,background
Background,background
Background,background
Background,background
Background,background
Background,background
Background,background
Background,background
Background,background
Background,background
Background,background
Background,background
Background,background
Background,background
Background,background
Background,background
Background,background
Background,background
Background,background
Background,background
Background,background
Background,background
Background,background
Background,background
Background,background
Background,background
Background,background
Background,background
Background,background
Background,background
Background,background
Background,background
Background,background
Background,background
Background,background
Background,background
Background,background
Background,background
Background,background
Background,background
Background,background
Background,background
Background,background
Background,background
Background,background
Background,background
Background,background
Background,background
Background,background
Background,background
Background,background
Background,background
Background,background
Background,background
Background,background
Background,background
Background,background
Background,background
Background,background
Background,background
Background,background
Background,background
Background,background
Background,background
Background,background
Background,background
Background,background
Background,background
Background,background
Background,background
Background,background
Background,background
Background,background
Background,background
Background,background
Background,background
Background,background
Background,background
Background,background
Background,background
Background,background
Background,background
Background,background
Background,background
Background,background
Background,background
Background,background
Background,background
Background,background
Background,background
Background,background
Background,background
Background,background
Background,background
Background,background
Background,background
Background,background
Background,background
Background,background
Background,background
Background,background
Background,background
Background,background
Background,background
Background,background
Background,background
Background,background
Background,background
Background,background
Background,background
Background,background
Background,background
Background,background
Background,background
Background,background
Background,background
Background,background
Background,background
Background,background
Background,background
Background,background
Background,background
Background,background
Background,background
Background,background
Background,background
Background,background
Background,background
Background,background
Background,background
Background,background
Background,background
Background,background
Background,background
Background,background
Background,background
Background,background
Background,background
Background,background
Background,background
Background,background
Background,background
Background,background
Background,background
Background,background
Background,background
Background,background
Background,background
Background,background
Background,background
Background,background
Background,background
Background,background
Background,background
Background,background
Background,background
Background,background
Background,background
Background,background
Background,background
Background,background
Background,background
Background,background
Background,background
Background,background
Background,background
Background,background
Background,background
Background,background
Background,background
Background,background
Background,background
Background,background
Background,background
Background,background
Background,background
Background,background
Background,background
Background,background
Background,background
Background,background
Background,background
Background,background
Background,background
Background,background
Background,background
Background,background
Background,background
Background,background
Background,background
Background,background
Background,background
Background,background
Background,background
Background,background
Background,background
Background,background
Background,background
Background,background
Background,background
Background,background
Background,background
Background,background
Background,background
Background,background
Background,background
Background,background
Background,background
Background,background
Background,background
Background,background
Background,background
Background,background
Background,background
Background,background
Background,background
Background,background
Background,background
Background,background
Background,background
Background,background
Background,background
Background,background
Background,background
Background,background
Background,background
Background,background
Background,background
Background,background
Background,background
Background,background
Background,background
Background,background
Background,background
Background,background
Background,background
Background,background
Background,background
Background,background
Background,background
Background,background
Background,background
Background,background
Background,background
Background,background
Background,background
Background,background
Background,background
Background,background
Background,background
Background,background
Background,background
Background,background
Background,background
Background,background
Background,background
Background,background
Background,background
Background,background
Background,background
Background,background
Background,background
Background,background
Background,background
Background,background
Background,background
Background,background
Background,background
Background,background
Background,background
Background,background
Background,background
Background,background
Background,background
Background,background
Background,background
Background,background
Background,background
Background,background
Background,background
Background,background
Background,background
Background,background
Background,background
Background,background
Background,background
Background,background
Background,background
Background,background
Background,background
Background,background
Background,background
Background,background
Background,background
Background,background
Background,background
Background,background
Background,background
Background,background
Background,background
Background,background
Background,background
Background,background
Background,background
Background,background
Background,background
Background,background
Background,background
Background,background
Background,background
Background,background
Background,background
Background,background
Background,background
Background,background
Background,background
Background,background
Background,background
Background,background
Background,background
Background,background
Background,background
Background,background
Background,background
Background,background
Background,background
Background,background
Background,background
Background,background
Background,background
Background,background
Background,background
Background,background
Background,background
Background,background
Background,background
Background,background
Background,background
Background,background
Background,background
Background,background
Background,background
Background,background
Background,background
Background,background
Background,background
Background,background
Background,background
Background,background
Background,background
Background,background
Background,background
Background,background
Background,background
Background,background
Background,background
Background,background
Background,background
Background,background
Background,background
Background,background
Background,background
Background,background
Background,background
Background,background
Background,background
Background,background
Background,background
Background,background
Background,background
Background,background
Background,background
Background,background
Background,background
Background,background
Background,background
Background,background
Background,background
Background,background
Background,background
Background,background
Background,background
Background,background
Background,background
Background,background
Background,background
Background,background
Background,background
Background,background
Background,background
Background,background
Background,background
Background,background
Background,background
Background,background
Background,background
Background,background
Background,background
Background,background
Background,background
Background,background
Background,background
Background,background
Background,background
Background,background
Background,background
Background,background
Background,background
Background,background
Background,background
Background,background
Background,background
Background,background
Background,background
Background,background
Background,background
Background,background
Background,background
Background,background
Background,background
Background,background
Background,background
Background,background
Background,background
Background,background
Background,background
Background,background
Background,background
Background,background
Background,background
Background,background
Background,background
Background,background
Background,background
Background,background
Background,background
Background,background
Background,background
Background,background
Background,background
Background,background
Background,background
Background,background
Background,background
Background,background
Background,background
Background,background
Background,background
Background,background
Background,background
Background,background
Background,background
Background,background
Background,background
Background,background
Background,background
Background,background
Background,background
Background,background
Background,background
Background,background
Background,background
Background,background
Background,background
Background,background
Background,background
Background,background
Background,background
Background,background
Background,background
Background,background
Background,background
Background,background
Background,background
Background,background
Background,background
Background,background
Background,background
Background,background
Background,background
Background,background
Background,background
Background,background
Background,background
Background,background
Background,background
Background,background
Background,background
Background,background
Background,background
Background,background
Background,background
Background,background
Background,background
Background,background
Background,background
Background,background
Background,background
Background,background
Background,background
Background,background
Background,background
Background,background
Background,background
Background,background
Background,background
Background,background
Background,background
Background,background
Background,background
Background,background
Background,background
Background,background
Background,background
Background,background
Background,background
Background,background
Background,background
Background,background
Background,background
Background,background
Background,background
Background,background
Background,background
Background,background
Background,background
Background,background
Background,background
Background,background
Background,background
Background,background
Background,background
Background,background
Background,background
Background,background
Background,background
Background,background
Background,background
Background,background
Background,background
Background,background
Background,background
Background,background
Background,background
Background,background
Background,background
Background,background
Background,background
Background,background
Background,background
Background,background
Background,background
Background,background
Background,background
Background,background
Background,background
Background,background
Background,background
Background,background
Background,background
Background,background
Background,background
Background,background
Background,background
Background,background
Background,background
Background,background
Background,background
Background,background
Background,background
Background,background
Background,background
Background,background
Background,background
Background,background
Background,background
Background,background
Background,background
Background,background
Background,background
Background,background
Background,background
Background,background
Background,background
Background,background
Background,background
Background,background
Background,background
Background,background
Background,background
Background,background
Background,background
Background,background
Background,background
Background,background
Background,background
Background,background
Background,background
Background,background
Background,background
Background,background
Background,background
Background,background
Background,background
Background,background
Background,background
Background,background
Background,background
Background,background
Background,background
Background,background
Background,background
Background,background
Background,background
Background,background
Background,background
Background,background
Background,background
Background,background
Background,background
Background,background
Background,background
Background,background
Background,background
Background,background
Background,background
Background,background
Background,background
Background,background
Background,background
Background,background
Background,background
Background,background
Background,background
Background,background
Background,background
Background,background
Background,background
Background,background
Background,background
Background,background
Background,background
Background,background
Background,background
Background,background
Background,background
Background,background
Background,background
Background,background
Background,background
Background,background
Background,background
Background,background
Background,background
Background,background
Background,background
Background,background
Background,background
Background,background
Background,background
Background,background
Background,background
Background,background
Background,background
Background,background
Background,background
Background,background
Background,background
Background,background
Background,background
Background,background
Background,background
Background,background
Background,background
Background,background
Background,background
Background,background
Background,background
Background,background
Background,background
Background,background
Background,background
Background,background
Background,background
Background,background
Background,background
Background,background
Background,background
Background,background
Background,background
Background,background
Background,background
Background,background
Background,background
Background,background
Background,background
Background,background
Background,background
Background,background
Background,background
Background,background
Background,background
Background,background
Background,background
Background,background
Background,background
Background,background
Background,background
Background,background
Background,background
Background,background
Background,background
Background,background
Background,background
Background,background
Background,background
Background,background
Background,background
Background,background
Background,background
Background,background
Background,background
Background,background
Background,background
Background,background
Background,background
Background,background
Background,background
Background,background
Background,background
Background,background
Background,background
Background,background
Background,background
Background,background
Background,background
Background,background
Background,background
Background,background
Background,background
Background,background
Background,background
Background,background
Background,background
Background,background
Background,background
Background,background
Background,background
Background,background
Background,background
Background,background
Background,background
Background,background
Background,background
Background,background
Background,background
Background,background
Background,background
Background,background
Background,background
Background,background
Background,background
Background,background
Background,background
Background,background
Background,background
Background,background
Background,background
Background,background
Background,background
Background,background
Background,background
Background,background
Background,background
Background,background
Background,background
Background,background
Background,background
Background,background
Background,background
Background,background
Background,background
Background,background
Background,background
Background,background
Background,background
Background,background
Background,background
Background,background
Background,background
Background,background
Background,background
Background,background
Background,background
Background,background
Background,background
Background,background
Background,background
Background,background
Background,background
Background,background
Background,background
Background,background
Background,background
Background,background
Background,background
Background,background
Background,background
Background,background
Background,background
Background,background
Background,background
Background,background
Background,background
Background,background
Background,background
Background,background
Background,background
Background,background
Background,background
Background,background
Background,background
Background,background
Background,background
Background,background
Background,background
Background,background
Background,background
Background,background
Background,background
Background,background
Background,background
Background,background
Background,background
Background,background
Background,background
Background,background
Background,background
Background,background
Background,background
Background,background
Background,background
Background,background
Background,background
Background,background
Background,background
Background,background
Background,background
Background,background
Background,background
Background,background
Background,background
Background,background
Background,background
Background,background
Background,background
Background,background
Background,background
Background,background
Background,background
Background,background
Background,background
Background,background
Background,background
Background,background
Background,background
Background,background
Background,background
Background,background
Background,background
Background,background
Background,background
Background,background
Background,background
Background,background
Background,background
Background,background
Background,background
Background,background
Background,background
Background,background
Background,background
Background,background
Background,background
Background,background
Background,background
Background,background
Background,background
Background,background
Background,background
Background,background
Background,background
Background,background
Background,background
Background,background
Background,background
Background,background
Background,background
Background,background
Background,background
Background,background
Background,background
Background,background
Background,background
Background,background
Background,background
Background,background
Background,background
Background,background
Background,background
Background,background
Background,background
Background,background
Background,background
Background,background
Background,background
Background,background
Background,background
Background,background
Background,background
Background,background
Background,background
Background,background
Background,background
Background,background
Background,background
Background,background
Background,background
Background,background
Background,background
Background,background
Background,background
Background,background
Background,background
Background,background
Background,background
Background,background
Background,background
Background,background
Background,background
Background,background
Background,background
Background,background
Background,background
Background,background
Background,background
Background,background
Background,background
Background,background
Background,background
Background,background
Background,background
Background,background
Background,background
Background,background
Background,background
Background,background
Background,background
Background,background
Background,background
Background,background
Background,background
Background,background
Background,background
Background,background
Background,background
Background,background
Background,background
Background,background
Background,background
Background,background
Background,background
Background,background
Background,background
Background,background
Background,background
Background,background
Background,background
Background,background
Background,background
Background,background
Background,background
Background,background
Background,background
Background,background
Background,background
Background,background
Background,background
Background,background
Background,background
Background,background
Background,background
Background,background
Background,background
Background,background
Background,background
Background,background
Background,background
Background,background
Background,background
Background,background
Background,background
Background,background
Background,background
Background,background
Background,background
Background,background
Background,background
Background,background
Background,background
Background,background
Background,background
Background,background
Background,background
Background,background
Background,background
Background,background
Background,background
Background,background
Background,background
Background,background
Background,background
Background,background
Background,background
Background,background
Background,background
Background,background
Background,background
Background,background
Background,background
Background,background
Background,background
Background,background
Background,background
Background,background
Background,background
Background,background
Background,background
Background,background
Background,background
Background,background
Background,background
Background,background
Background,background
Background,background
Background,background
Background,background
Background,background
Background,background
Background,background
Background,background
Background,background
Background,background
Background,background
Background,background
Background,background
Background,background
Background,background
Background,background
Background,background
Background,background
Background,background
Background,background
Background,background
Background,background
Background,background
Background,background
Background,background
Background,background
Background,background
Background,background
Background,background
Background,background
Background,background
Background,background
Background,background
Background,background
Background,background
Background,background
Background,background
Background,background
Background,background
Background,background
Background,background
Background,background
Background,background
Background,background
Background,background
Background,background
Background,background
Background,background
Background,background
Background,background
Background,background
Background,background
Background,background
Background,background
Background,background
Background,background
Background,background
Background,background
Background,background
Background,background
Background,background
Background,background
Background,background
Background,background
Background,background
Background,background
Background,background
Background,background
Background,background
Background,background
Background,background
Background,background
Background,background
Background,background
Background,background
Background,background
Background,background
Background,background
Background,background
Background,background
Background,background
Background,background
Background,background
Background,background
Background,background
Background,background
Background,background
Background,background
Background,background
Background,background
Background,background
Background,background
Background,background
Background,background
Background,background
Background,background
Background,background
Background,background
Background,background
Background,background
Background,background
Background,background
Background,background
Background,background
Background,background
Background,background
Background,background
Background,background
Background,background
Background,background
Background,background
Background,background
Background,background
Background,background
Background,background
Background,background
Background,background
Background,background
Background,background
Background,background
Background,background
Background,background
Background,background
Background,background
Background,background
Background,background
Background,background
Background,background
Background,background
Background,background
Background,background
Background,background
Background,background
Background,background
Background,background
Background,background
Background,background
Background,background
Background,background
Background,background
Background,background
Background,background
Background,background
Background,background
Background,background
Background,background
Background,background
Background,background
Background,background
Background,background
Background,background
Background,background
Background,background
Background,background
Background,background
Background,background
Background,background
Background,background
Background,background
Background,background
Background,background
Background,background
Background,background
Background,background
Background,background
Background,background
Background,background
Background,background
Background,background
Background,background
Background,background
Background,background
Background,background
Background,background
Background,background
Background,background
Background,background
Background,background
Background,background
Background,background
Background,background
Background,background
Background,background
Background,background
Background,background
Background,background
Background,background
Background,background
Background,background
Background,background
Background,background
Background,background
Background,background
Background,background
Background,background
Background,background
Background,background
Background,background
Background,background
Background,background
Background,background
Background,background
Background,background
Background,background
Background,background
Background,background
Background,background
Background,background
Background,background
Background,background
Background,background
Background,background
Background,background
Background,background
Background,background
Background,background
Background,background
Background,background
Background,background
Background,background
Background,background
Background,background
Background,background
Background,background
Background,background
Background,background
Background,background
Background,background
Background,background
Background,background
Background,background
Background,background
Background,background
Background,background
Background,background
Background,background
Background,background
Background,background
Background,background
Background,background
Background,background
Background,background
Background,background
Background,background
Background,background
Background,background
Background,background
Background,background
Background,background
Background,background
Background,background
Background,background
Background,background
Background,background
Background,background
Background,background
Background,background
Background,background
Background,background
Background,background
Background,background
Background,background
Background,background
Background,background
Background,background
Background,background
Background,background
Background,background
Background,background
Background,background
Background,background
Background,background
Background,background
Background,background
Background,background
Background,background
Background,background
Background,background
Background,background
Background,background
Background,background
Background,background
Background,background
Background,background
Background,background
Background,background
Background,background
Background,background
Background,background
Background,background
Background,background
Background,background
Background,background
Background,background
Background,background
Background,background
Background,background
Background,background
Background,background
Background,background
Background,background
Background,background
Background,background
Background,background
Background,background
Background,background
Background,background
Background,background
Background,background
Background,background
Background,background
Background,background
Background,background
Background,background
Background,background
Background,background
Background,background
Background,background
Background,background
Background,background
Background,background
Background,background
Background,background
Background,background
Background,background
Background,background
Background,background
Background,background
Background,background
Background,background
Background,background
Background,background
Background,background
Background,background
Background,background
Background,background
Background,background
Background,background
Background,background
Background,background
Background,background
Background,background
Background,background
Background,background
Background,background
Background,background
Background,background
Background,background
Background,background
Background,background
Background,background
Background,background
Background,background
Background,background
Background,background
Background,background
Background,background
Background,background
Background,background
Background,background
Background,background
Background,background
Background,background
Background,background
Background,background
Background,background
Background,background
Background,background
Background,background
Background,background
Background,background
Background,background
Background,background
Background,background
Background,background
Background,background
Background,background
Background,background
Background,background
Background,background
Background,background
Background,background
Background,background
Background,background
Background,background
Background,background
Background,background
Background,background
Background,background
Background,background
Background,background
Background,background
Background,background
Background,background
Background,background
Background,background
Background,background
Background,background
Background,background
Background,background
Background,background
Background,background
Background,background
Background,background
Background,background
Background,background
Background,background
Background,background
Background,background
Background,background
Background,background
Background,background
Background,background
Background,background
Background,background
Background,background
Background,background
Background,background
Background,background
Background,background
Background,background
Background,background
Background,background
Background,background
Background,background
Background,background
Background,background
Background,background
Background,background
Background,background
Background,background
Background,background
Background,background
Background,background
Background,background
Background,background
Background,background
Background,background
Background,background
Background,background
Background,background
Background,background
Background,background
Background,background
Background,background
Background,background
Background,background
Background,background
Background,background
Background,background
Background,background
Background,background
Background,background
Background,background
Background,background
Background,background
Background,background
Background,background
Background,background
Background,background
Background,background
Background,background
Background,background
Background,background
Background,background
Background,background
Background,background
Background,background
Background,background
Background,background
Background,background
Background,background
Background,background
Background,background
Background,background
Background,background
Background,background
Background,background
Background,background
Background,background
Background,background
Background,background
Background,background
Background,background
Background,background
Background,background
Background,background
Background,background
Background,background
Background,background
Background,background
Background,background
Background,background
Background,background
Background,background
Background,background
Background,background
Background,background
Background,background
Background,background
Background,background
Background,background
Background,background
Background,background
Background,background
Background,background
Background,background
Background,background
Background,background
Background,background
Background,background
Background,background
Background,background
Background,background
Background,background
Background,background
Background,background
Background,background
Background,background
Background,background
Background,background
Background,background
Background,background
Background,background
Background,background
Background,background
Background,background
Background,background
Background,background
Background,background
Background,background
Background,background
Background,background
Background,background
Background,background
Background,background
Background,background
Background,background
Background,background
Background,background
Background,background
Background,background
Background,background
Background,background
Background,background
Background,background
Background,background
Background,background
Background,background
Background,background
Background,background
Background,background
Background,background
Background,background
Background,background
Background,background
Background,background
Background,background
Background,background
Background,background
Background,background
Background,background
Background,background
Background,background
Background,background
Background,background
Background,background
Background,background
Background,background
Background,background
Background,background
Background,background
Background,background
Background,background
Background,background
Background,background
Background,background
Background,background
Background,background
Background,background
Background,background
Background,background
Background,background
Background,background
Background,background
Background,background
Background,background
Background,background
Background,background
Background,background
Background,background
Background,background
Background,background
Background,background
Background,background
Background,background
Background,background
Background,background
Background,background
Background,background
Background,background
Background,background
Background,background
Background,background
Background,background
Background,background
Background,background
Background,background
Background,background
Background,background
Background,background
Background,background
Background,background
Background,background
Background,background
Background,background
Background,background
Background,background
Background,background
Background,background
Background,background
Background,background
Background,background
Background,background
Background,background
Background,background
Background,background
Background,background
Background,background
Background,background
Background,background
Background,background
Background,background
Background,background
Background,background
Background,background
Background,background
Background,background
Background,background
Background,background
Background,background
Background,background
Background,background
Background,background
Background,background
Background,background
Background,background
Background,background
Background,background
Background,background
Background,background
Background,background
Background,background
Background,background
Background,background
Background,background
Background,background
Background,background
Background,background
Background,background
Background,background
Background,background
Background,background
Background,background
Background,background
Background,background
Background,background
Background,background
Background,background
Background,background
Background,background
Background,background
Background,background
Background,background
Background,background
Background,background
Background,background
Background,background
Background,background
Background,background
Background,background
Background,background
Background,background
Background,background
Background,background
Background,background
Background,background
Background,background
Background,background
Background,background
Background,background
Background,background
Background,background
Background,background
Background,background
Background,background
Background,background
Background,background
Background,background
Background,background
Background,background
Background,background
Background,background
Background,background
Background,background
Background,background
Background,background
Background,background
Background,background
Background,background
Background,background
Background,background
Background,background
Background,background
Background,background
Background,background
Background,background
Background,background
Background,background
Background,background
Background,background
Background,background
Background,background
Background,background
Background,background
Background,background
Background,background
Background,background
Background,background
Background,background
Background,background
Background,background
Background,background
Background,background
Background,background
Background,background
Background,background
Background,background
Background,background
Background,background
Background,background
Background,background
Background,background
Background,background
Background,background
Background,background
Background,background
Background,background
Background,background
Background,background
Background,background
Background,background
Background,background
Background,background
Background,background
Background,background
Background,background
Background,background
Background,background
Background,background
Background,background
Background,background
Background,background
Background,background
Background,background
Background,background
Background,background
Background,background
Background,background
Background,background
Background,background
Background,background
Background,background
Background,background
Background,background
Background,background
Background,background
Background,background
Background,background
Background,background
Background,background
Background,background
Background,background
Background,background
Background,background
Background,background
Background,background
Background,background
Background,background
Background,background
Background,background
Background,background
Background,background
Background,background
Background,background
Background,background
Background,background
Background,background
Background,background
Background,background
Background,background
Background,background
Background,background
Background,background
Background,background
Background,background
Background,background
Background,background
Background,background
Background,background
Background,background
Background,background
Background,background
Background,background
Background,background
Background,background
Background,background
Background,background
Background,background
Background,background
Background,background
Background,background
Background,background
Background,background
Background,background
Background,background
Background,background
Background,background
Background,background
Background,background
Background,background
Background,background
Background,background
Background,background
Background,background
Background,background
Background,background
Background,background
Background,background
Background,background
Background,background
Background,background
Background,background
Background,background
Background,background
Background,background
Background,background
Background,background
Background,background
Background,background
Background,background
Background,background
Background,background
Background,background
Background,background
Background,background
Background,background
Background,background
Background,background
Background,background
Background,background
Background,background
Background,background
Background,background
Background,background
Background,background
Background,background
Background,background
Background,background
Background,background
Background,background
Background,background
Background,background
Background,background
Background,background
Background,background
Background,background
Background,background
Background,background
Background,background
Background,background
Background,background
Background,background
Background,background
Background,background
Background,background
Background,background
Background,background
Background,background
Background,background
Background,background
Background,background
Background,background
Background,background
Background,background
Background,background
Background,background
Background,background
Background,background
Background,background
Background,background
Background,background
Background,background
Background,background
Background,background
Background,background
Background,background
Background,background
Background,background
Background,background
Background,background
Background,background
Background,background
Background,background
Background,background
Background,background
Background,background
Background,background
Background,background
Background,background
Background,background
Background,background
Background,background
Background,background
Background,background
Background,background
Background,background
Background,background
Background,background
Background,background
Background,background
Background,background
Background,background
Background,background
Background,background
Background,background
Background,background
Background,background
Background,background
Background,background
Background,background
Background,background
Background,background
Background,background
Background,background
Background,background
Background,background
Background,background
Background,background
Background,background
Background,background
Background,background
Background,background
Background,background
Background,background
Background,background
Background,background
Background,background
Background,background
Background,background
Background,background
Background,background
Background,background
Background,background
Background,background
Background,background
Background,background
Background,background
Background,background
Background,background
Background,background
Background,background
Background,background
Background,background
Background,background
Background,background
Background,background
Background,background
Background,background
Background,background
Background,background
Background,background
Background,background
Background,background
Background,background
Background,background
Background,background
Background,background
Background,background
Background,background
Background,background
Background,background
Background,background
Background,background
Background,background
Background,background
Background,background
Background,background
Background,background
Background,background
Background,background
Background,background
Background,background
Background,background
Background,background
Background,background
Background,background
Background,background
Background,background
Background,background
Background,background
Background,background
Background,background
Background,background
Background,background
Background,background
Background,background
Background,background
Background,background
Background,background
Background,background
Background,background
Background,background
Background,background
Background,background
Background,background
Background,background
Background,background
Background,background
Background,background
Background,background
Background,background
Background,background
Background,background
Background,background
Background,background
Background,background
Background,background
Background,background
Background,background
Background,background
Background,background
Background,background
Background,background
Background,background
Background,background
Background,background
Background,background
Background,background
Background,background
Background,background
Background,background
Background,background
Background,background
Background,background
Background,background
Background,background
Background,background
Background,background
Background,background
Background,background
Background,background
Background,background
Background,background
Background,background
Background,background
Background,background
Background,background
Background,background
Background,background
Background,background
Background,background
Background,background
Background,background
Background,background
Background,background
Background,background
Background,background
Background,background
Background,background
Background,background
Background,background
Background,background
Background,background
Background,background
Background,background
Background,background
Background,background
Background,background
Background,background
Background,background
Background,background
Background,background
Background,background
Background,background
Background,background
Background,background
Background,background
Background,background
Background,background
Background,background
Background,background
Background,background
Background,background
Background,background
Background,background
Background,background
Background,background
Background,background
Background,background
Background,background
Background,background
Background,background
Background,background
Background,background
Background,background
Background,background
Background,background
Background,background
Background,background
Background,background
Background,background
Background,background
Background,background
Background,background
Background,background
Background,background
Background,background
Background,background
Background,background
Background,background
Background,background
Background,background
Background,background
Background,background
Background,background
Background,background
Background,background
Background,background
Background,background
Background,background
Background,background
Background,background
Background,background
Background,background
Background,background
Background,background
Background,background
Background,background
Background,background
Background,background
Background,background
Background,background
Background,background
Background,background
Background,background
Background,background
Background,background
Background,background
Background,background
Background,background
Background,background
Background,background
Background,background
Background,background
Background,background
Background,background
Background,background
Background,background
Background,background
Background,background
Background,background
Background,background
Background,background
Background,background
Background,background
Background,background
Background,background
Background,background
Background,background
Background,background
Background,background
Background,background
Background,background
Background,background
Background,background
Background,background
Background,background
Background,background
Background,background
Background,background
Background,background
Background,background
Background,background
Background,background
Background,background
Background,background
Background,background
Background,background
Background,background
Background,background
Background,background
Background,background
Background,background
Background,background
Background,background
Background,background
Background,background
Background,background
Background,background
Background,background
Background,background
Background,background
Background,background
Background,background
Background,background
Background,background
Background,background
Background,background
Background,background
Background,background
Background,background
Background,background
Background,background
Background,background
Background,background
Background,background
Background,background
Background,background
Background,background
Background,background
Background,background
Background,background
Background,background
Background,background
Background,background
Background,background
Background,background
Background,background
Background,background
Background,background
Background,background
Background,background
Background,background
Background,background
Background,background
Background,background
Background,background
Background,background
Background,background
Background,background
Background,background
Background,background
Background,background
Background,background
Background,background
Background,background
Background,background
Background,background
Background,background
Background,background
Background,background
Background,background
Background,background
Background,background
Background,background
Background,background
Background,background
Background,background
Background,background
Background,background
Background,background
Background,background
Background,background
Background,background
Background,background
Background,background
Background,background
Background,background
Background,background
Background,background
Background,background
Background,background
Background,background
Background,background
Background,background
Background,background
Background,background
Background,background
Background,background
Background,background
Background,background
Background,background
Background,background
Background,background
Background,background
Background,background
Background,background
Background,background
Background,background
Background,background
Background,background
Background,background
Background,background
Background,background
Background,background
Background,background
Background,background
Background,background
Background,background
Background,background
Background,background
Background,background
Background,background
Background,background
Background,background
Background,background
Background,background
Background,background
Background,background
Background,background
Background,background
Background,background
Background,background
Background,background
Background,background
Background,background
Background,background
Background,background
Background,background
Background,background
Background,background
Background,background
Background,background
Background,background
Background,background
Background,background
Background,background
Background,background
Background,background
Background,background
Background,background
Background,background
Background,background
Background,background
Background,background
Background,background
Background,background
Background,background
Background,background
Background,background
Background,background
Background,background
Background,background
Background,background
Background,background
Background,background
Background,background
Background,background
Background,background
Background,background
Background,background
Background,background
Background,background
Background,background
Background,background
Background,background
Background,background
Background,background
Background,background
Background,background
Background,background
Background,background
Background,background
Background,background
Background,background
Background,background
Background,background
Background,background
Background,background
Background,background
Background,background
Background,background
Background,background
Background,background
Background,background
Background,background
Background,background
Background,background
Background,background
Background,background
Background,background
Background,background
Background,background
Background,background
Background,background
Background,background
Background,background
Background,background
Background,background
Background,background
Background,background
Background,background
Background,background
Background,background
Background,background
Background,background
Background,background
Background,background
Background,background
Background,background
Background,background
Background,background
Background,background
Background,background
Background,background
Background,background
Background,background
Background,background
Background,background
Background,background
Background,background
Background,background
Background,background
Background,background
Background,background
Background,background
Background,background
Background,background
Background,background
Background,background
Background,background
Background,background
Background,background
Background,background
Background,background
Background,background
Background,background
Background,background
Background,background
Background,background
Background,background
Background,background
Background,background
Background,background
Background,background
Background,background
Background,background
Background,background
Background,background
Background,background
Background,background
Background,background
Background,background
Background,background
Background,background
Background,background
Background,background
Background,background
Background,background
Background,background
Background,background
Background,background
Background,background
Background,background
Background,background
Background,background
Background,background
Background,background
Background,background
Background,background
Background,background
Background,background
Background,background
Background,background
Background,background
Background,background
Background,background
Background,background
Background,background
Background,background
Background,background
Background,background
Background,background
Background,background
Background,background
Background,background
Background,background
Background,background
Background,background
Background,background
Background,background
Background,background
Background,background
Background,background
Background,background
Background,background
Background,background
Background,background
Background,background
Background,background
Background,background
Background,background
Background,background
Background,background
Background,background
Background,background
Background,background
Background,background
Background,background
Background,background
Background,background
Background,background
Background,background
Background,background
Background,background
Background,background
Background,background
Background,background
Background,background
Background,background
Background,background
Background,background
Background,background
Background,background
Background,background
Background,background
Background,background
Background,background
Background,background
Background,background
Background,background
Background,background
Background,background
Background,background
Background,background
Background,background
Background,background
Background,background
Background,background
Background,background
Background,background
Background,background
Background,background
Background,background
Background,background
Background,background
Background,background
Background,background
Background,background
Background,background
Background,background
Background,background
Background,background
Background,background
Background,background
Background,background
Background,background
Background,background
Background,background
Background,background
Background,background
Background,background
Background,background
Background,background
Background,background
Background,background
Background,background
Background,background
Background,background
Background,background
Background,background
Background,background
Background,background
Background,background
Background,background
Background,background
Background,background
Background,background
Background,background
Background,background
Background,background
Background,background
Background,background
Background,background
Background,background
Background,background
Background,background
Background,background
Background,background
Background,background
Background,background
Background,background
Background,background
Background,background
Background,background
Background,background
Background,background
Background,background
Background,background
Background,background
Background,background
Background,background
Background,background
Background,background
Background,background
Background,background
Background,background
Background,background
Background,background
Background,background
Background,background
Background,background
Background,background
Background,background
Background,background
Background,background
Background,background
Background,background
Background,background
Background,background
Background,background
Background,background
Background,background
Background,background
Background,background
Background,background
Background,background
Background,background
Background,background
Background,background
Background,background
Background,background
Background,background
Background,background
Background,background
Background,background
Background,background
Background,background
Background,background
Background,background
Background,background
Background,background
Background,background
Background,background
Background,background
Background,background
Background,background
Background,background
Background,background
Background,background
Background,background
Background,background
Background,background
Background,background
Background,background
Background,background
Background,background
Background,background
Background,background
Background,background
Background,background
Background,background
Background,background
Background,background
Background,background
Background,background
Background,background
Background,background
Background,background
Background,background
Background,background
Background,background
Background,background
Background,background
Background,background
Background,background
Background,background
Background,background
Background,background
Background,background
Background,background
Background,background
Background,background
Background,background
Background,background
Background,background
Background,background
Background,background
Background,background
Background,background
Background,background
Background,background
Background,background
Background,background
Background,background
Background,background
Background,background
Background,background
Background,background
Background,background
Background,background
Background,background
Background,background
Background,background
Background,background
Background,background
Background,background
Background,background
Background,background
Background,background
Background,background
Background,background
Background,background
Background,background
Background,background
Background,background
Background,background
Background,background
Background,background
Background,background
Background,background
Background,background
Background,background
Background,background
Background,background
Background,background
Background,background
Background,background
Background,background
Background,background
Background,background
Background,background
Background,background
Background,background
Background,background
Background,background
Background,background
Background,background
Background,background
Background,background
Background,background
Background,background
Background,background
Background,background
Background,background
Background,background
Background,background
Background,background
Background,background
Background,background
Background,background
Background,background
Background,background
Background,background
Background,background
Background,background
Background,background
Background,background
Background,background
Background,background
Background,background
Background,background
Background,background
Background,background
Background,background
Background,background
Background,background
Background,background
Background,background
Background,background
Background,background
Background,background
Background,background
Background,background
Background,background
Background,background
Background,background
Background,background
Background,background
Background,background
Background,background
Background,background
Background,background
Background,background
Background,background
Background,background
Background,background
Background,background
Background,background
Background,background
Background,background
Background,background
Background,background
Background,background
Background,background
Background,background
Background,background
Background,background
Background,background
Background,background
Background,background
Background,background
Background,background
Background,background
Background,background
Background,background
Background,background
Background,background
Background,background
Background,background
Background,background
Background,background
Background,background
Background,background
Background,background
Background,background
Background,background
Background,background
Background,background
Background,background
Background,background
Background,background
Background,background
Background,background
Background,background
Background,background
Background,background
Background,background
Background,background
Background,background
Background,background
Background,background
Background,background
Background,background
Background,background
Background,background
Background,background
Background,background
Background,background
Background,background
Background,background
Background,background
Background,background
Background,background
Background,background
Background,background
Background,background
Background,background
Background,background
Background,background
Background,background
Background,background
Background,background
Background,background
Background,background
Background,background
Background,background
Background,background
Background,background
Background,background
Background,background
Background,background
Background,background
Background,background
Background,background
Background,background
Background,background
Background,background
Background,background
Background,background
Background,background
Background,background
Background,background
Background,background
Background,background
Background,background
Background,background
Background,background
Background,background
Background,background
Background,background
Background,background
Background,background
Background,background
Background,background
Background,background
Background,background
Background,background
Background,background
Background,background
Background,background
Background,background
Background,background
Background,background
Background,background
Background,background
Background,background
Background,background
Background,background
Background,background
Background,background
Background,background
Background,background
Background,background
Background,background
Background,background
Background,background
Background,background
Background,background
Background,background
Background,background
Background,background
Background,background
Background,background
Background,background
Background,background
Background,background
Background,background
Background,background
Background,background
Background,background
Background,background
Background,background
Background,background
Background,background
Background,background
Background,background
Background,background
Background,background
Background,background
Background,background
Background,background
Background,background
Background,background
Background,background
Background,background
Background,background
Background,background
Background,background
Background,background
Background,background
Background,background
Background,background
Background,background
Background,background
Background,background
Background,background
Background,background
Background,background
Background,background
Background,background
Background,background
Background,background
Background,background
Background,background
Background,background
Background,background
Background,background
Background,background
Background,background
Background,background
Background,background
Background,background
Background,background
Background,background
Background,background
Background,background
Background,background
Background,background
Background,background
Background,background
Background,background
Background,background
Background,background
Background,background
Background,background
Background,background
Background,background
Background,background
Background,background
Background,background
Background,background
Background,background
Background,background
Background,background
Background,background
Background,background
Background,background
Background,background
Background,background
Background,background
Background,background
Background,background
Background,background
Background,background
Background,background
Background,background
Background,background
Background,background
Background,background
Background,background
Background,background
Background,background
Background,background
Background,background
Background,background
Background,background
Background,background
Background,background
Background,background
Background,background
Background,background
Background,background
Background,background
Background,background
Background,background
Background,background
Background,background
Background,background
Background,background
Background,background
Background,background
Background,background
Background,background
Background,background
Background,background
Background,background
Background,background
Background,background
Background,background
Background,background
Background,background
Background,background
Background,background
Background,background
Background,background
Background,background
Background,background
Background,background
Background,background
Background,background
Background,background
Background,background
Background,background
Background,background
Background,background
Background,background
Background,background
Background,background
Background,background
Background,background
Background,background
Background,background
Background,background
Background,background
Background,background
Background,background
Background,background
Background,background
Background,background
Background,background
Background,background
Background,background
Background,background
Background,background
Background,background
Background,background
Background,background
Background,background
Background,background
Background,background
Background,background
Background,background
Background,background
Background,background
Background,background
Background,background
Background,background
Background,background
Background,background
Background,background
Background,background
Background,background
Background,background
Background,background
Background,background
Background,background
Background,background
Background,background
Background,background
Background,background
Background,background
Background,background
Background,background
Background,background
Background,background
Background,background
Background,background
Background,background
Background,background
Background,background
Background,background
Background,background
Background,background
Background,background
Background,background
Background,background
Background,background
Background,background
Background,background
Background,background
Background,background
Background,background
Background,background
Background,background
Background,background
Background,background
Background,background
Background,background
Background,background
Background,background
Background,background
Background,background
Background,background
Background,background
Background,background
Background,background
Background,background
Background,background
Background,background
Background,background
Background,background
Background,background
Background,background
Background,background
Background,background
Background,background
Background,background
Background,background
Background,background
Background,background
Background,background
Background,background
Background,background
Background,background
Background,background
Background,background
Background,background
Background,background
Background,background
Background,background
Background,background
Background,background
Background,background
Background,background
Background,background
Background,background
Background,background
Background,background
Background,background
Background,background
Background,background
Background,background
Background,background
Background,background
Background,background
Background,background
Background,background
Background,background
Background,background
Background,background
Background,background
Background,background
Background,background
Background,background
Background,background
Background,background
Background,background
Background,background
Background,background
Background,background
Background,background
Background,background
Background,background
Background,background
Background,background
Background,background
Background,background
Background,background
Background,background
Background,background
Background,background
Background,background
Background,background
Background,background
Background,background
Background,background
Background,background
Background,background
Background,background
Background,background
Background,background
Background,background
Background,background
Background,background
Background,background
Background,background
Background,background
Background,background
Background,background
Background,background
Background,background
Background,background
Background,background
Background,background
Background,background
Background,background
Background,background
Background,background
Background,background
Background,background
Background,background
Background,background
Background,background
Background,background
Background,background
Background,background
Background,background
Background,background
Background,background
Background,background
Background,background
Background,background
Background,background
Background,background
Background,background
Background,background
Background,background
Background,background
Background,background
Background,background
Background,background
Background,background
Background,background
Background,background
Background,background
Background,background
Background,background
Background,background
Background,background
Background,background
Background,background
Background,background
Background,background
Background,background
Background,background
Background,background
Background,background
Background,background
Background,background
Background,background
Background,background
Background,background
Background,background
Background,background
Background,background
Background,background
Background,background
Background,background
Background,background
Background,background
Background,background
Background,background
Background,background
Background,background
Background,background
Background,background
Background,background
Background,background
Background,background
Background,background
Background,background
Background,background
Background,background
Background,background
Background,background
Background,background
Background,background
Background,background
Background,background
Background,background
Background,background
Background,background
Background,background
Background,background
Background,background
Background,background
Background,background
Background,background
Background,background
Background,background
Background,background
Background,background
Background,background
Background,background
Background,background
Background,background
Background,background
Background,background
Background,background
Background,background
Background,background
Background,background
Background,background
Background,background
Background,background
Background,background
Background,background
Background,background
Background,background
Background,background
Background,background
Background,background
Background,background
Background,background
Background,background
Background,background
Background,background
Background,background
Background,background
Background,background
Background,background
Background,background
Background,background
Background,background
Background,background
Background,background
Background,background
Background,background
Background,background
Background,background
Background,background
Background,background
Background,background
Background,background
Background,background
Background,background
Background,background
Background,background
Background,background
Background,background
Background,background
Background,background
Background,background
Background,background
Background,background
Background,background
Background,background
Background,background
Background,background
Background,background
Background,background
Background,background
Background,background
Background,background
Background,background
Background,background
Background,background
Background,background
Background,background
Background,background
Background,background
Background,background
Background,background
Background,background
Background,background
Background,background
Background,background
Background,background
Background,background
Background,background
Background,background
Background,background
Background,background
Background,background
Background,background
Background,background
Background,background
Background,background
Background,background
Background,background
Background,background
Background,background
Background,background
Background,background
Background,background
Background,background
Background,background
Background,background
Background,background
Background,background
Background,background
Background,background
Background,background
Background,background
Background,background
Background,background
Background,background
Background,background
Background,background
Background,background
Background,background
Background,background
Background,background
Background,background
Background,background
Background,background
Background,background
Background,background
Background,background
Background,background
Background,background
Background,background
Background,background
Background,background
Background,background
Background,background
Background,background
Background,background
Background,background
Background,background
Background,background
Background,background
Background,background
Background,background
Background,background
Background,background
Background,background
Background,background
Background,background
Background,background
Background,background
Background,background
Background,background
Background,background
Background,background
Background,background
Background,background
Background,background
Background,background
Background,background
Background,background
Background,background
Background,background
Background,background
Background,background
Background,background
Background,background
Background,background
Background,background
Background,background
Background,background
Background,background
Background,background
Background,background
Background,background
Background,background
Background,background
Background,background
Background,background
Background,background
Background,background
Background,background
Background,background
Background,background
Background,background
Background,background
Background,background
Background,background
Background,background
Background,background
Background,background
Background,background
Background,background
Background,background
Background,background
Background,background
Background,background
Background,background
Background,background
Background,background
Background,background
Background,background
Background,background
Background,background
Background,background
Background,background
Background,background
Background,background
Background,background
Background,background
Background,background
Background,background
Background,background
Background,background
Background,background
Background,background
Background,background
Background,background
Background,background
Background,background
Background,background
Background,background
Background,background
Background,background
Background,background
Background,background
Background,background
Background,background
Background,background
Background,background
Background,background
Background,background
Background,background
Background,background
Background,background
Background,background
Background,background
Background,background
Background,background
Background,background
Background,background
Background,background
Background,background
Background,background
Background,background
Background,background
Background,background
Background,background
Background,background
Background,background
Background,background
Background,background
Background,background
Background,background
Background,background
Background,background
Background,background
Background,background
Background,background
Background,background
Background,background
Background,background
Background,background
Background,background
Background,background
Background,background
Background,background
Background,background
Background,background
Background,background
Background,background
Background,background
Background,background
Background,background
Background,background
Background,background
Background,background
Background,background
Background,background
Background,background
Background,background
Background,background
Background,background
Background,background
Background,background
Background,background
Background,background
Background,background
Background,background
Background,background
Background,background
Background,background
Background,background
Background,background
Background,background
Background,background
Background,background
Background,background
Background,background
Background,background
Background,background
Background,background
Background,background
Background,background
Background,background
Background,background
Background,background
Background,background
Background,background
Background,background
Background,background
Background,background
Background,background
Background,background
Background,background
Background,background
Background,background
Background,background
Background,background
Background,background
Background,background
Background,background
Background,background
Background,background
Background,background
Background,background
Background,background
Background,background
Background,background
Background,background
Background,background
Background,background
Background,background
Background,background
Background,background
Background,background
Background,background
Background,background
Background,background
Background,background
Background,background
Background,background
Background,background
Background,background
Background,background
Background,background
Background,background
Background,background
Background,background
Background,background
Background,background
Background,background
Background,background
Background,background
Background,background
Background,background
Background,background
Background,background
Background,background
Background,background
Background,background
Background,background
Background,background
Background,background
Background,background
Background,background
Background,background
Background,background
Background,background
Background,background
Background,background
Background,background
Background,background
Background,background
Background,background
Background,background
Background,background
Background,background
Background,background
Background,background
Background,background
Background,background
Background,background
Background,background
Background,background
Background,background
Background,background
Background,background
Background,background
Background,background
Background,background
Background,background
Background,background
Background,background
Background,background
Background,background
Background,background
Background,background
Background,background
Background,background
Background,background
Background,background
Background,background
Background,background
Background,background
Background,background
Background,background
Background,background
Background,background
Background,background
Background,background
Background,background
Background,background
Background,background
Background,background
Background,background
Background,background
Background,background
Background,background
Background,background
Background,background
Background,background
Background,background
Background,background
Background,background
Background,background
Background,background
Background,background
Background,background
Background,background
Background,background
Background,background
Background,background
Background,background
Background,background
Background,background
Background,background
Background,background
Background,background
Background,background
Background,background
Background,background
Background,background
Background,background
Background,background
Background,background
Background,background
Background,background
Background,background
Background,background
Background,background
Background,background
Background,background
Background,background
Background,background
Background,background
Background,background
Background,background
Background,background
Background,background
Background,background
Background,background
Background,background
Background,background
Background,background
Background,background
Background,background
Background,background
Background,background
Background,background
Background,background
Background,background
Background,background
Background,background
Background,background
Background,background
Background,background
Background,background
Background,background
Background,background
Background,background
Background,background
Background,background
Background,background
Background,background
Background,background
Background,background
Background,background
Background,background
Background,background
Background,background
Background,background
Background,background
Background,background
Background,background
Background,background
Background,background
Background,background
Background,background
Background,background
Background,background
Background,background
Background,background
Background,background
Background,background
Background,background
Background,background
Background,background
Background,background
Background,background
interaction,background
interaction,background
interaction,background
interaction,background
interaction,background
interaction,interaction
interaction,interaction
interaction,interaction
interaction,interaction
interaction,interaction
interaction,interaction
interaction,interaction
interaction,interaction
interaction,interaction
interaction,interaction
interaction,interaction
interaction,interaction
interaction,interaction
interaction,interaction
interaction,interaction
interaction,interaction
interaction,interaction
interaction,interaction
interaction,interaction
interaction,interaction
interaction,interaction
interaction,interaction
interaction,interaction
interaction,interaction
interaction,interaction
interaction,interaction
interaction,interaction
interaction,interaction
interaction,interaction
interaction,interaction
interaction,interaction
interaction,interaction
interaction,interaction
interaction,interaction
interaction,interaction
interaction,interaction
interaction,interaction
interaction,interaction
interaction,interaction
interaction,interaction
interaction,interaction
interaction,interaction
interaction,interaction
interaction,interaction
interaction,interaction
interaction,interaction
interaction,interaction
interaction,interaction
interaction,interaction
interaction,interaction
interaction,interaction
interaction,interaction
interaction,interaction
interaction,interaction
interaction,interaction
interaction,interaction
interaction,interaction
interaction,interaction
interaction,interaction
interaction,interaction
interaction,interaction
interaction,interaction
interaction,interaction
interaction,interaction
interaction,interaction
interaction,interaction
interaction,interaction
interaction,interaction
interaction,interaction
interaction,interaction
interaction,interaction
interaction,interaction
interaction,interaction
interaction,interaction
interaction,interaction
interaction,interaction
interaction,interaction
interaction,interaction
interaction,interaction
interaction,interaction
interaction,interaction
interaction,interaction
interaction,interaction
interaction,interaction
interaction,interaction
interaction,interaction
interaction,interaction
interaction,interaction
interaction,interaction
interaction,interaction
interaction,interaction
interaction,interaction
interaction,interaction
interaction,interaction
interaction,interaction
interaction,interaction
interaction,interaction
interaction,interaction
interaction,interaction
interaction,interaction
interaction,interaction
interaction,interaction
interaction,interaction
interaction,interaction
interaction,interaction
interaction,interaction
interaction,interaction
interaction,interaction
interaction,interaction
interaction,interaction
interaction,interaction
interaction,interaction
interaction,interaction
interaction,interaction
interaction,interaction
interaction,interaction
interaction,interaction
interaction,interaction
interaction,interaction
interaction,interaction
interaction,interaction
interaction,interaction
interaction,interaction
interaction,interaction
interaction,interaction
interaction,interaction
interaction,interaction
interaction,interaction
interaction,interaction
interaction,interaction
interaction,interaction
interaction,interaction
interaction,interaction
interaction,interaction
interaction,interaction
interaction,interaction
interaction,interaction
interaction,interaction
interaction,interaction
interaction,interaction
interaction,interaction
interaction,interaction
interaction,interaction
interaction,interaction
interaction,interaction
interaction,interaction
interaction,interaction
interaction,interaction
interaction,interaction
interaction,interaction
interaction,interaction
interaction,interaction
interaction,interaction
interaction,interaction
interaction,interaction
interaction,interaction
interaction,interaction
interaction,interaction
interaction,interaction
interaction,interaction
interaction,interaction
interaction,interaction
interaction,interaction
interaction,interaction
interaction,interaction
interaction,interaction
interaction,interaction
interaction,interaction
interaction,interaction
interaction,interaction
interaction,interaction
interaction,interaction
interaction,interaction
interaction,interaction
interaction,interaction
interaction,interaction
interaction,interaction
interaction,interaction
interaction,interaction
interaction,interaction
interaction,interaction
interaction,interaction
interaction,interaction
interaction,interaction
interaction,interaction
interaction,interaction
interaction,interaction
interaction,interaction
interaction,interaction
interaction,interaction
interaction,interaction
interaction,interaction
interaction,background
interaction,background
interaction,background
interaction,background
interaction,background
interaction,background
interaction,background
interaction,background
interaction,background
interaction,background
interaction,background
interaction,background
interaction,background
interaction,background
interaction,background
interaction,background
interaction,background
interaction,background
interaction,background
interaction,background
interaction,background
interaction,background
interaction,background
interaction,background
interaction,background
interaction,background
interaction,background
interaction,background
interaction,background
interaction,background
interaction,background
interaction,background
interaction,background
interaction,background
interaction,background
interaction,background
interaction,background
interaction,background
interaction,background
interaction,background
interaction,background
interaction,background
interaction,background
interaction,background
interaction,background
interaction,background
interaction,background
interaction,background
interaction,background
interaction,background
interaction,background
interaction,background
interaction,background
interaction,background
interaction,background
interaction,background
interaction,interaction
interaction,interaction
interaction,interaction
interaction,interaction
interaction,interaction
interaction,interaction
interaction,interaction
interaction,interaction
interaction,interaction
interaction,interaction
interaction,interaction
interaction,interaction
interaction,interaction
interaction,interaction
interaction,interaction
interaction,interaction
interaction,interaction
Background,interaction
Background,interaction
Background,interaction
Background,interaction
Background,interaction
Background,interaction
Background,interaction
Background,interaction
Background,interaction
Background,interaction
Background,interaction
Background,interaction
Background,interaction
Background,interaction
Background,interaction
Background,interaction
Background,interaction
Background,interaction
Background,background
Background,background
Background,background
Background,background
Background,background
Background,background
Background,background
Background,background
Background,background
Background,background
Background,background
Background,background
Background,background
Background,background
Background,background
Background,background
Background,background
Background,background
Background,background
Background,background
Background,background
Background,background
Background,background
Background,background
Background,background
Background,background
Background,background
Background,background
Background,background
Background,background
Background,background
Background,background
Background,background
Background,background
Background,background
Background,background
Background,background
Background,background
Background,background
Background,background
Background,background
Background,background
Background,background
Background,background
Background,background
Background,background
Background,background
Background,background
Background,background
Background,background
Background,background
Background,background
Background,background
Background,background
Background,background
Background,background
Background,background
Background,background
Background,background
Background,background
Background,background
Background,background
Background,background
Background,background
Background,background
Background,background
Background,background
Background,background
Background,background
Background,background
Background,background
Background,background
Background,background
Background,background
Background,background
Background,background
Background,background
Background,background
Background,background
Background,background
Background,background
Background,background
Background,background
Background,background
Background,background
Background,background
Background,background
Background,background
Background,background
Background,background
Background,background
Background,background
Background,background
Background,background
Background,background
Background,background
Background,background
Background,background
Background,background
Background,background
Background,background
Background,background
Background,background
Background,background
Background,background
Background,background
Background,background
Background,background
Background,background
Background,background
Background,background
Background,background
Background,background
Background,background
Background,background
Background,background
Background,background
Background,background
Background,background
Background,background
Background,background
Background,background
Background,background
Background,background
Background,background
Background,background
Background,background
Background,background
Background,background
Background,background
Background,background
Background,background
Background,background
Background,background
Background,background
Background,background
Background,background
Background,background
Background,background
Background,background
Background,background
Background,background
Background,background
Background,background
Background,background
Background,background
Background,background
Background,background
Background,background
Background,background
Background,background
Background,background
Background,background
Background,background
Background,background
Background,background
Background,background
Background,background
Background,background
Background,background
Background,background
Background,background
Background,background
Background,background
Background,background
Background,background
Background,background
Background,background
Background,background
Background,background
Background,background
Background,background
Background,background
Background,background
Background,background
Background,background
Background,background
Background,background
Background,background
Background,background
Background,background
Background,background
Background,background
Background,background
Background,background
Background,background
Background,background
Background,background
Background,background
Background,background
Background,background
Background,background
Background,background
Background,background
Background,background
Background,background
Background,background
Background,background
Background,background
Background,background
Background,background
Background,background
Background,background
Background,background
Background,background
Background,background
Background,background
Background,background
Background,background
Background,background
Background,background
Background,background
Background,background
Background,background
Background,background
Background,background
Background,background
Background,background
Background,background
Background,background
Background,background
Background,background
Background,background
Background,background
Background,background
Background,background
Background,background
Background,background
Background,background
Background,background
Background,background
Background,background
Background,background
Background,background
Background,background
Background,background
Background,background
Background,background
Background,background
Background,background
Background,background
Background,background
Background,background
Background,background
Background,background
Background,background
Background,background
Background,background
Background,background
Background,background
Background,background
Background,background
Background,background
Background,background
Background,background
Background,background
Background,background
Background,background
Background,background
Background,background
Background,background
Background,background
Background,background
Background,background
Background,background
Background,background
Background,background
Background,background
Background,background
Background,background
Background,background
Background,background
Background,background
Background,background
Background,background
Background,background
Background,background
Background,background
Background,background
Background,background
Background,background
Background,background
Background,background
Background,background
Background,background
Background,background
Background,background
Background,background
Background,background
Background,background
Background,background
Background,background
Background,background
Background,background
Background,background
Background,background
Background,background
Background,background
Background,background
Background,background
Background,background
Background,background
Background,background
Background,background
Background,background
Background,background
Background,background
Background,background
Background,background
Background,background
Background,background
Background,background
Background,background
Background,background
Background,background
Background,background
Background,background
Background,background
Background,background
Background,background
Background,background
Background,background
Background,background
Background,background
Background,background
Background,background
Background,background
Background,background
Background,background
Background,background
Background,background
Background,background
Background,background
Background,background
Background,background
Background,background
Background,background
Background,background
Background,background
Background,background
Background,background
Background,background
Background,background
Background,background
Background,background
Background,background
Background,background
Background,background
Background,background
Background,background
Background,background
Background,background
Background,background
Background,background
Background,background
Background,background
Background,background
Background,background
Background,background
Background,background
Background,background
Background,background
Background,background
Background,background
Background,background
Background,background
Background,background
Background,background
Background,background
Background,background
Background,background
Background,background
Background,background
Background,background
Background,background
Background,background
Background,background
Background,background
Background,background
Background,background
Background,background
Background,background
Background,background
Background,background
Background,background
Background,background
Background,background
Background,background
Background,background
Background,background
Background,background
Background,background
Background,background
Background,background
Background,background
Background,background
Background,background
Background,background
Background,background
Background,background
Background,background
Background,background
Background,background
Background,background
Background,background
Background,background
Background,background
Background,background
Background,background
Background,background
Background,background
Background,background
Background,background
Background,background
Background,background
Background,background
Background,background
Background,background
Background,background
Background,background
Background,background
Background,background
Background,background
Background,background
Background,background
Background,background
Background,background
Background,background
Background,background
Background,background
Background,background
Background,background
Background,background
Background,background
Background,background
Background,background
Background,background
Background,background
Background,background
Background,background
Background,background
Background,background
Background,background
Background,background
Background,background
Background,background
Background,background
Background,background
Background,background
Background,background
Background,background
Background,background
Background,background
Background,background
Background,background
Background,background
Background,background
Background,background
Background,background
Background,background
Background,background
Background,background
Background,background
Background,background
Background,background
Background,background
Background,background
Background,background
Background,background
Background,background
Background,background
Background,background
Background,background
Background,background
Background,background
Background,background
Background,background
Background,background
Background,background
Background,background
Background,background
Background,background
Background,background
Background,background
Background,background
Background,background
Background,background
Background,background
Background,background
Background,background
Background,background
Background,background
Background,background
Background,background
Background,background
Background,background
Background,background
Background,background
Background,background
Background,background
Background,background
Background,background
Background,background
Background,background
Background,background
Background,background
Background,background
Background,background
Background,background
Background,background
Background,background
Background,background
Background,background
Background,background
Background,background
Background,background
Background,background
Background,background
Background,background
Background,background
Background,background
Background,background
Background,background
Background,background
Background,background
Background,background
Background,background
Background,background
Background,background
Background,background
Background,background
Background,background
Background,background
Background,background
Background,background
Background,background
Background,background
Background,background
Background,background
Background,background
Background,background
Background,background
Background,background
Background,background
Background,background
Background,background
Background,background
Background,background
Background,background
Background,background
Background,background
Background,background
Background,background
Background,background
Background,background
Background,background
Background,background
Background,background
Background,background
Background,background
Background,background
Background,background
Background,background
Background,background
Background,background
Background,background
Background,background
Background,background
Background,background
Background,background
Background,background
Background,background
Background,background
Background,background
Background,background
Background,background
Background,background
Background,background
Background,background
Background,background
Background,background
Background,background
Background,background
Background,background
Background,background
Background,background
Background,background
Background,background
Background,background
Background,background
Background,background
Background,background
Background,background
Background,background
Background,background
Background,background
Background,background
Background,background
Background,background
Background,background
Background,background
Background,background
Background,background
Background,background
Background,background
Background,background
Background,background
Background,background
Background,background
Background,background
Background,background
Background,background
Background,background
Background,background
Background,background
Background,background
Background,background
Background,background
Background,background
Background,background
Background,background
Background,background
Background,background
Background,background
Background,background
Background,background
Background,background
Background,background
Background,background
Background,background
Background,background
Background,background
Background,background
Background,background
Background,background
Background,background
Background,background
Background,background
Background,background
Background,background
Background,background
Background,background
Background,background
Background,background
Background,background
Background,background
Background,background
Background,background
Background,background
Background,background
Background,background
Background,background
Background,background
Background,background
Background,background
Background,background
Background,background
Background,background
Background,background
Background,background
Background,background
Background,background
Background,background
Background,background
Background,background
Background,background
Background,background
Background,background
Background,background
Background,background
Background,background
Background,background
Background,background
Background,background
Background,background
Background,background
Background,background
Background,background
Background,background
Background,background
Background,background
Background,background
Background,background
Background,background
Background,background
Background,background
Background,background
Background,background
Background,background
Background,background
Background,background
Background,background
Background,background
Background,background
Background,background
Background,background
Background,background
Background,background
Background,background
Background,background
Background,background
Background,background
Background,background
Background,background
Background,background
Background,background
Background,background
Background,background
Background,background
Background,background
Background,background
Background,background
Background,background
Background,background
Background,background
Background,background
Background,background
Background,background
Background,background
Background,background
Background,background
Background,background
Background,background
Background,background
Background,background
Background,background
Background,background
Background,background
Background,background
Background,background
Background,background
Background,background
Background,background
Background,background
Background,background
Background,background
Background,background
Background,background
Background,background
Background,background
Background,background
Background,background
Background,background
Background,background
Background,background
Background,background
Background,background
Background,background
Background,background
Background,background
Background,background
Background,background
Background,background
Background,background
Background,background
Background,background
Background,background
Background,background
Background,background
Background,background
Background,background
Background,background
Background,background
Background,background
Background,background
Background,background
Background,background
Background,background
Background,background
Background,background
Background,background
Background,background
Background,background
Background,background
Background,background
Background,background
Background,background
Background,background
Background,background
Background,background
Background,background
Background,background
Background,background
Background,background
Background,background
Background,background
Background,background
Background,background
Background,background
Background,background
Background,background
Background,background
Background,background
Background,background
Background,background
Background,background
Background,background
Background,background
Background,background
Background,background
Background,background
Background,background
Background,background
Background,background
Background,background
Background,background
Background,background
Background,background
Background,background
Background,background
Background,background
Background,background
Background,background
Background,background
Background,background
Background,background
Background,background
Background,background
Background,background
Background,background
Background,background
Background,background
Background,background
Background,background
Background,background
Background,background
Background,background
Background,background
Background,background
Background,background
Background,background
Background,background
Background,background
Background,background
Background,background
Background,background
Background,background
Background,background
Background,background
Background,background
Background,background
Background,background
Background,background
Background,background
Background,background
Background,background
Background,background
Background,background
Background,background
Background,background
Background,background
Background,background
Background,background
Background,background
Background,background
Background,background
Background,background
Background,background
Background,background
Background,background
Background,background
Background,background
Background,background
Background,background
Background,background
Background,background
Background,background
Background,background
Background,background
Background,background
Background,background
Background,background
Background,background
Background,background
Background,background
Background,background
Background,background
Background,background
Background,background
Background,background
Background,background
Background,background
Background,background
Background,background
Background,background
Background,background
Background,background
Background,background
Background,background
Background,background
Background,background
Background,background
Background,background
Background,background
Background,background
Background,background
Background,background
Background,background
Background,background
Background,background
Background,background
Background,background
Background,background
Background,background
Background,background
Background,background
Background,background
Background,background
Background,background
Background,background
Background,background
Background,background
Background,background
Background,background
Background,background
Background,background
Background,background
Background,background
Background,background
Background,background
Background,background
Background,background
Background,background
Background,background
Background,background
Background,background
Background,background
Background,background
Background,background
Background,background
Background,background
Background,background
Background,background
Background,background
Background,background
Background,background
Background,background
Background,background
Background,background
Background,background
Background,background
Background,background
Background,background
Background,background
Background,background
Background,background
Background,background
Background,background
Background,background
Background,background
Background,background
Background,background
Background,background
Background,background
Background,background
Background,background
Background,background
Background,background
Background,background
Background,background
Background,background
Background,background
Background,background
Background,background
Background,background
Background,background
Background,background
Background,background
Background,background
Background,background
Background,background
Background,background
Background,background
Background,background
Background,background
Background,background
Background,background
Background,background
Background,background
Background,background
Background,background
Background,background
Background,background
Background,background
Background,background
Background,background
Background,background
Background,background
Background,background
Background,background
Background,background
Background,background
Background,background
Background,background
Background,background
Background,background
Background,background
Background,background
Background,background
Background,background
Background,background
Background,background
Background,background
Background,background
Background,background
Background,background
Background,background
Background,background
Background,background
Background,background
Background,background
Background,background
Background,background
Background,background
Background,background
Background,background
Background,background
Background,background
Background,background
Background,background
Background,background
Background,background
Background,background
Background,background
Background,background
Background,background
Background,background
Background,background
Background,background
Background,background
Background,background
Background,background
Background,background
Background,background
Background,background
Background,background
Background,background
Background,background
Background,background
Background,background
Background,background
Background,background
Background,background
Background,background
Background,background
Background,background
Background,background
Background,background
Background,background
Background,background
Background,background
Background,background
Background,background
Background,background
Background,background
Background,background
Background,background
Background,background
Background,background
Background,background
Background,background
Background,background
Background,background
Background,background
Background,background
Background,background
Background,background
Background,background
Background,background
Background,background
Background,background
Background,background
Background,background
Background,background
Background,background
Background,background
Background,background
Background,background
Background,background
Background,background
Background,background
Background,background
Background,background
Background,background
Background,background
Background,background
Background,background
Background,background
Background,background
Background,background
Background,background
Background,background
Background,background
Background,background
Background,background
Background,background
Background,background
Background,background
Background,background
Background,background
Background,background
Background,background
Background,background
Background,background
Background,background
Background,background
Background,background
Background,background
Background,background
Background,background
Background,background
Background,background
Background,background
Background,background
Background,background
Background,background
Background,background
Background,background
Background,background
Background,background
Background,background
Background,background
Background,background
Background,background
Background,background
Background,background
Background,background
Background,background
Background,background
Background,background
Background,background
Background,background
Background,background
Background,background
Background,background
Background,background
Background,background
Background,background
Background,background
Background,background
Background,background
Background,background
Background,background
Background,background
Background,background
Background,background
Background,background
Background,background
Background,background
Background,background
Background,background
Background,background
Background,background
Background,background
Background,background
Background,background
Background,background
Background,background
Background,background
Background,background
Background,background
Background,background
Background,background
Background,background
Background,background
Background,background
Background,background
Background,background
Background,background
Background,background
Background,background
Background,background
Background,background
Background,background
Background,background
Background,background
Background,background
Background,background
Background,background
Background,background
Background,background
Background,background
Background,background
Background,background
Background,background
Background,background
Background,background
Background,background
Background,background
Background,background
Background,background
Background,background
Background,background
Background,background
Background,background
Background,background
Background,background
Background,background
Background,background
Background,background
Background,background
Background,background
Background,background
Background,background
Background,background
Background,background
Background,background
Background,background
Background,background
Background,background
Background,background
Background,background
Background,background
Background,background
Background,background
Background,background
Background,background
Background,background
Background,background
Background,background
Background,background
Background,background
Background,background
Background,background
Background,background
Background,background
Background,background
Background,background
Background,background
Background,background
Background,background
Background,background
Background,background
Background,background
Background,background
Background,background
Background,background
Background,background
Background,background
Background,background
Background,background
Background,background
Background,background
Background,background
Background,background
Background,background
Background,background
Background,background
Background,background
Background,background
Background,background
Background,background
Background,background
Background,background
Background,background
Background,background
Background,background
Background,background
Background,background
Background,background
Background,background
Background,background
Background,background
Background,background
Background,background
Background,background
Background,background
Background,background
Background,background
Background,background
Background,background
Background,background
Background,background
Background,background
Background,background
Background,background
Background,background
Background,background
Background,background
Background,background
Background,background
Background,background
Background,background
Background,background
Background,background
Background,background
Background,background
Background,background
Background,background
Background,background
Background,background
Background,background
Background,background
Background,background
Background,background
Background,background
Background,background
Background,background
Background,background
Background,background
Background,background
Background,background
Background,background
Background,background
Background,background
Background,background
Background,background
Background,background
Background,background
Background,background
Background,background
Background,background
Background,background
Background,background
Background,background
Background,background
Background,background
Background,background
Background,background
Background,background
Background,background
Background,background
Background,background
Background,background
Background,background
Background,background
Background,background
Background,background
Background,background
Background,background
Background,background
Background,background
Background,background
Background,background
Background,background
Background,background
Background,background
Background,background
Background,background
Background,background
Background,background
Background,background
Background,background
Background,background
Background,background
Background,background
Background,background
Background,background
Background,background
Background,background
Background,background
Background,background
Background,background
Background,background
Background,background
Background,background
Background,background
Background,background
Background,background
Background,background
Background,background
Background,background
Background,background
Background,background
Background,background
Background,background
Background,background
Background,background
Background,background
Background,background
Background,background
Background,background
Background,background
Background,background
Background,background
Background,background
Background,background
Background,background
Background,background
Background,background
Background,background
Background,background
Background,background
Background,background
Background,background
Background,background
Background,background
Background,background
Background,background
Background,background
Background,background
Background,background
Background,background
Background,background
Background,background
Background,background
Background,background
Background,background
Background,background
Background,background
Background,background
Background,background
Background,background
Background,background
Background,background
Background,background
Background,background
Background,background
Background,background
Background,background
Background,background
Background,background
Background,background
Background,background
Background,background
Background,background
Background,background
Background,background
Background,background
Background,background
Background,background
Background,background
Background,background
Background,background
Background,background
Background,background
Background,background
Background,background
Background,background
Background,background
Background,background
Background,background
Background,background
Background,background
Background,background
Background,background
Background,background
Background,background
Background,background
Background,background
Background,background
Background,background
Background,background
Background,background
Background,background
Background,background
Background,background
Background,background
Background,background
Background,background
Background,background
Background,background
Background,background
Background,background
Background,background
Background,background
Background,background
Background,background
Background,background
Background,background
Background,background
Background,background
Background,background
Background,background
Background,background
Background,background
Background,background
Background,background
Background,background
Background,background
Background,background
Background,background
Background,background
Background,background
Background,background
Background,background
Background,background
Background,background
Background,background
Background,background
Background,background
Background,background
Background,background
Background,background
Background,background
Background,background
Background,background
Background,background
Background,background
Background,background
Background,background
Background,background
Background,background
Background,background
Background,background
Background,background
Background,background
Background,background
Background,background
Background,background
Background,background
Background,background
Background,background
Background,background
Background,background
Background,background
Background,background
Background,background
Background,background
Background,background
Background,background
Background,background
Background,background
Background,background
Background,background
Background,background
Background,background
Background,background
Background,background
Background,background
Background,background
Background,background
Background,background
Background,background
Background,background
Background,background
Background,background
Background,background
Background,background
Background,background
Background,background
Background,background
Background,background
Background,background
Background,background
Background,background
Background,background
Background,background
Background,background
Background,background
Background,background
Background,background
Background,background
Background,background
Background,background
Background,background
Background,background
Background,background
Background,background
Background,background
Background,background
Background,background
Background,background
Background,background
Background,background
Background,background
Background,background
Background,background
Background,background
Background,background
Background,background
Background,background
Background,background
Background,background
Background,background
Background,background
Background,background
Background,background
Background,background
Background,background
Background,background
Background,background
Background,background
Background,background
Background,background
Background,background
Background,background
Background,background
Background,background
Background,background
Background,background
Background,background
Background,background
Background,background
Background,background
Background,background
Background,background
Background,background
Background,background
Background,background
Background,background
Background,background
Background,background
Background,background
Background,background
Background,background
Background,background
Background,background
Background,background
Background,background
Background,background
Background,background
Background,background
Background,background
Background,background
Background,background
Background,background
Background,background
Background,background
Background,background
Background,background
Background,background
Background,background
Background,background
Background,background
Background,background
Background,background
Background,background
Background,background
Background,background
Background,background
Background,background
Background,background
Background,background
Background,background
Background,background
Background,background
Background,background
Background,background
Background,background
Background,background
Background,background
Background,background
Background,background
Background,background
Background,background
Background,background
Background,background
Background,background
Background,background
Background,background
Background,background
Background,background
Background,background
Background,background
Background,background
Background,background
Background,background
Background,background
Background,background
Background,background
Background,background
Background,background
Background,background
Background,background
Background,background
Background,background
Background,background
Background,background
Background,background
Background,background
Background,background
Background,background
Background,background
Background,background
Background,background
Background,background
Background,background
Background,background
Background,background
Background,background
Background,background
Background,background
Background,background
Background,background
Background,background
Background,background
Background,background
Background,background
Background,background
Background,background
Background,background
Background,background
Background,background
Background,background
Background,background
Background,background
Background,background
Background,background
Background,background
Background,background
Background,background
Background,background
Background,background
Background,background
Background,background
Background,background
Background,background
Background,background
Background,background
Background,background
Background,background
Background,background
Background,background
Background,background
Background,background
Background,background
Background,background
Background,background
Background,background
Background,background
Background,background
Background,background
Background,background
Background,background
Background,background
Background,background
Background,background
Background,background
Background,background
Background,background
Background,background
Background,background
Background,background
Background,background
Background,background
Background,background
Background,background
Background,background
Background,background
Background,background
Background,background
Background,background
Background,background
Background,background
Background,background
Background,background
Background,background
Background,background
Background,background
Background,background
Background,background
Background,background
Background,background
Background,background
Background,background
Background,background
Background,background
Background,background
Background,background
Background,background
Background,background
Background,background
Background,background
Background,background
Background,background
Background,background
Background,background
Background,background
Background,background
Background,background
Background,background
Background,background
Background,background
Background,background
Background,background
Background,background
Background,background
Background,background
Background,background
Background,background
Background,background
Background,background
Background,background
Background,background
Background,background
Background,background
Background,background
Background,background
Background,background
Background,background
Background,background
Background,background
Background,background
Background,background
Background,background
Background,background
Background,background
Background,background
Background,background
Background,background
Background,background
Background,background
Background,background
Background,background
Background,background
Background,background
Background,background
Background,background
Background,background
Background,background
Background,background
Background,background
Background,background
Background,background
Background,background
Background,background
Background,background
Background,background
Background,background
Background,background
Background,background
Background,background
Background,background
Background,background
Background,background
Background,background
Background,background
Background,background
Background,background
Background,background
Background,background
Background,background
Background,background
Background,background
Background,background
Background,background
Background,background
Background,background
Background,background
Background,background
Background,background
Background,background
Background,background
Background,background
Background,background
Background,background
Background,background
Background,background
Background,background
Background,background
Background,background
Background,background
Background,background
Background,background
Background,background
Background,background
Background,background
Background,background
Background,background
Background,background
Background,background
Background,background
Background,background
Background,background
Background,background
Background,background
Background,background
Background,background
Background,background
Background,background
Background,background
Background,background
Background,background
Background,background
Background,background
Background,background
Background,background
Background,background
Background,background
Background,background
Background,background
Background,background
Background,background
Background,background
Background,background
Background,background
Background,background
Background,background
Background,background
Background,background
Background,background
Background,background
Background,background
Background,background
Background,background
Background,background
Background,background
Background,background
Background,background
Background,background
Background,background
Background,background
Background,background
Background,background
Background,background
Background,background
Background,background
Background,background
Background,background
Background,background
Background,background
Background,background
Background,background
Background,background
Background,background
Background,background
Background,background
Background,background
Background,background
Background,background
Background,background
Background,background
Background,background
Background,background
Background,background
Background,background
Background,background
Background,background
Background,background
Background,background
Background,background
Background,background
Background,background
Background,background
Background,background
Background,background
Background,background
Background,background
Background,background
Background,background
Background,background
Background,background
Background,background
Background,background
Background,background
Background,background
Background,background
Background,background
Background,background
Background,background
Background,background
Background,background
Background,background
Background,background
Background,background
Background,background
Background,background
Background,background
Background,background
Background,background
Background,background
Background,background
Background,background
Background,background
Background,background
Background,background
Background,background
Background,background
Background,background
Background,background
Background,background
Background,background
Background,background
Background,background
Background,background
Background,background
Background,background
Background,background
Background,background
Background,background
Background,background
Background,background
Background,background
Background,background
Background,background
Background,background
Background,background
Background,background
Background,background
Background,background
Background,background
Background,background
Background,background
Background,background
Background,background
Background,background
Background,background
Background,background
Background,background
Background,background
Background,background
Background,background
Background,background
Background,background
Background,background
Background,background
Background,background
Background,background
Background,background
Background,background
Background,background
Background,background
Background,background
Background,background
Background,background
Background,background
Background,background
Background,background
Background,background
Background,background
Background,background
Background,background
Background,background
Background,background
Background,background
Background,background
Background,background
Background,background
Background,background
Background,background
Background,background
Background,background
Background,background
Background,background
Background,background
Background,background
Background,background
Background,background
Background,background
Background,background
Background,background
Background,background
Background,background
Background,background
Background,background
Background,background
Background,background
Background,background
Background,background
Background,background
Background,background
Background,background
Background,background
Background,background
Background,background
Background,background
Background,background
Background,background
Background,background
Background,background
Background,background
Background,background
Background,background
Background,background
Background,background
Background,background
Background,background
Background,background
Background,background
Background,background
Background,background
Background,background
Background,background
Background,background
Background,background
Background,background
Background,background
Background,background
Background,background
Background,background
Background,background
Background,background
Background,background
Background,background
Background,background
Background,background
Background,background
Background,background
Background,background
Background,background
Background,background
Background,background
Background,background
Background,background
Background,background
Background,background
Background,background
Background,background
Background,background
Background,background
Background,background
Background,background
Background,background
Background,background
Background,background
Background,background
Background,background
Background,background
Background,background
Background,background
Background,background
Background,background
Background,background
Background,background
Background,background
Background,background
Background,background
Background,background
Background,background
Background,background
Background,background
Background,background
Background,background
Background,background
Background,background
Background,background
Background,background
Background,background
Background,background
Background,background
Background,background
Background,background
Background,background
Background,background
Background,background
Background,background
Background,background
Background,background
Background,background
Background,background
Background,background
Background,background
Background,background
Background,background
Background,background
Background,background
Background,background
Background,background
Background,background
Background,background
Background,background
Background,background
Background,background
Background,background
Background,background
Background,background
Background,background
Background,background
Background,background
Background,background
Background,background
Background,background
Background,background
Background,background
Background,background
Background,background
Background,background
Background,background
Background,background
Background,background
Background,background
Background,background
Background,background
Background,background
Background,background
Background,background
Background,background
Background,background
Background,background
Background,background
Background,background
Background,background
Background,background
Background,background
Background,background
Background,background
Background,background
Background,background
Background,background
Background,background
Background,background
Background,background
Background,background
Background,background
Background,background
Background,background
Background,background
Background,background
Background,background
Background,background
Background,background
Background,background
Background,background
Background,background
Background,background
Background,background
Background,background
Background,background
Background,background
Background,background
Background,background
Background,background
Background,background
Background,background
Background,background
Background,background
Background,background
Background,background
Background,background
Background,background
Background,background
Background,background
Background,background
Background,background
Background,background
Background,background
Background,background
Background,background
Background,background
Background,background
Background,background
Background,background
Background,background
Background,background
Background,background
Background,background
Background,background
Background,background
Background,background
Background,background
Background,background
Background,background
Background,background
Background,background
Background,background
Background,background
Background,background
Background,background
Background,background
Background,background
Background,background
Background,background
Background,background
Background,background
Background,background
Background,background
Background,background
Background,background
Background,background
Background,background
Background,background
Background,background
Background,background
Background,background
Background,background
Background,background
Background,background
Background,background
Background,background
Background,background
Background,background
Background,background
Background,background
Background,background
Background,background
Background,background
Background,background
Background,background
Background,background
Background,background
Background,background
Background,background
Background,background
Background,background
Background,background
Background,background
Background,background
Background,background
Background,background
Background,background
Background,background
Background,background
Background,background
Background,background
Background,background
Background,background
Background,background
Background,background
Background,background
Background,background
Background,background
Background,background
Background,background
Background,background
Background,background
Background,background
Background,background
Background,background
Background,background
Background,background
Background,background
Background,background
Background,background
Background,background
Background,background
Background,background
Background,background
Background,background
Background,background
Background,background
Background,background
Background,background
Background,background
Background,background
Background,background
Background,background
Background,background
Background,background
Background,background
Background,background
Background,background
Background,background
Background,background
Background,background
Background,background
Background,background
Background,background
Background,background
Background,background
Background,background
Background,background
Background,background
Background,background
Background,background
Background,background
Background,background
Background,background
Background,background
Background,background
Background,background
Background,background
Background,background
Background,background
Background,background
Background,background
Background,background
Background,background
Background,background
Background,background
Background,background
Background,background
Background,background
Background,background
Background,background
Background,background
Background,background
Background,background
Background,background
Background,background
Background,background
Background,background
Background,background
Background,background
Background,background
Background,background
Background,background
Background,background
Background,background
Background,background
Background,background
Background,background
Background,background
Background,background
Background,background
Background,background
Background,background
Background,background
Background,background
Background,background
Background,background
Background,background
Background,background
Background,background
Background,background
Background,background
Background,background
Background,background
Background,background
Background,background
Background,background
Background,background
Background,background
Background,background
Background,background
Background,background
Background,background
Background,background
Background,background
Background,background
Background,background
Background,background
Background,background
Background,background
Background,background
Background,background
Background,background
Background,background
Background,background
Background,background
Background,background
Background,background
Background,background
Background,background
Background,background
Background,background
Background,background
Background,background
Background,background
Background,background
Background,background
Background,background
Background,background
Background,background
Background,background
Background,background
Background,background
Background,background
Background,background
Background,background
Background,background
Background,background
Background,background
Background,background
Background,background
Background,background
Background,background
Background,background
Background,background
Background,background
Background,background
Background,background
Background,background
Background,background
Background,background
Background,background
Background,background
Background,background
Background,background
Background,background
Background,background
Background,background
Background,background
Background,background
Background,background
Background,background
Background,background
Background,background
Background,background
Background,background
Background,background
Background,background
Background,background
Background,background
Background,background
Background,background
Background,background
Background,background
Background,background
Background,background
Background,background
Background,background
Background,background
Background,background
Background,background
Background,background
Background,background
Background,background
Background,background
Background,background
Background,background
Background,background
Background,background
Background,background
Background,background
Background,background
Background,background
Background,background
Background,background
Background,background
Background,background
Background,background
Background,background
Background,background
Background,background
Background,background
Background,background
Background,background
Background,background
Background,background
Background,background
Background,background
Background,background
Background,background
Background,background
Background,background
Background,background
Background,background
Background,background
Background,background
Background,background
Background,background
Background,background
Background,background
Background,background
Background,background
Background,background
Background,background
Background,background
Background,background
Background,background
Background,background
Background,background
Background,background
Background,background
Background,background
Background,background
Background,background
Background,background
Background,background
Background,background
Background,background
Background,background
Background,background
Background,background
Background,background
Background,background
Background,background
Background,background
Background,background
Background,background
Background,background
Background,background
Background,background
Background,background
Background,background
Background,background
Background,background
Background,background
Background,background
Background,background
Background,background
Background,background
Background,background
Background,background
Background,background
Background,background
Background,background
Background,background
Background,background
Background,background
Background,background
Background,background
Background,background
Background,background
Background,background
Background,background
Background,background
Background,background
Background,background
Background,background
Background,background
Background,background
Background,background
Background,background
Background,background
Background,background
Background,background
Background,background
Background,background
Background,background
Background,background
Background,background
Background,background
Background,background
Background,background
Background,background
Background,background
Background,background
Background,background
Background,background
Background,background
Background,background
Background,background
Background,background
Background,background
Background,background
Background,background
Background,background
Background,background
Background,background
Background,background
Background,background
Background,background
Background,background
Background,background
Background,background
Background,background
Background,background
Background,background
Background,background
Background,background
Background,background
Background,background
Background,background
Background,background
Background,background
Background,background
Background,background
Background,background
Background,background
Background,background
Background,background
Background,background
Background,background
Background,background
Background,background
Background,background
Background,background
Background,background
Background,background
Background,background
Background,background
Background,background
Background,background
Background,background
Background,background
Background,background
Background,background
Background,background
Background,background
Background,background
Background,background
Background,background
Background,background
Background,background
Background,background
Background,background
Background,background
Background,background
Background,background
Background,background
Background,background
Background,background
Background,background
Background,background
Background,background
Background,background
Background,background
Background,background
Background,background
Background,background
Background,background
Background,background
Background,background
Background,background
Background,background
Background,background
Background,background
Background,background
Background,background
Background,background
Background,background
Background,background
Background,background
Background,background
Background,background
Background,background
Background,background
Background,background
Background,background
Background,background
Background,background
Background,background
Background,background
Background,background
Background,background
Background,background
Background,background
Background,background
Background,background
interaction,background
interaction,background
interaction,background
interaction,background
interaction,background
interaction,background
interaction,background
interaction,background
interaction,background
interaction,interaction
interaction,interaction
interaction,interaction
interaction,interaction
interaction,interaction
interaction,interaction
interaction,interaction
interaction,interaction
interaction,interaction
interaction,interaction
interaction,interaction
interaction,interaction
interaction,interaction
interaction,interaction
interaction,interaction
interaction,interaction
interaction,interaction
interaction,interaction
interaction,interaction
interaction,interaction
interaction,interaction
interaction,interaction
interaction,interaction
interaction,interaction
interaction,interaction
interaction,interaction
interaction,interaction
interaction,interaction
interaction,interaction
interaction,interaction
interaction,interaction
interaction,interaction
interaction,interaction
interaction,interaction
interaction,interaction
interaction,interaction
interaction,interaction
interaction,interaction
interaction,interaction
interaction,interaction
interaction,interaction
interaction,interaction
interaction,interaction
interaction,interaction
interaction,interaction
interaction,interaction
interaction,interaction
interaction,interaction
interaction,interaction
interaction,interaction
interaction,interaction
interaction,interaction
interaction,interaction
interaction,interaction
interaction,interaction
interaction,interaction
interaction,interaction
interaction,interaction
interaction,interaction
interaction,interaction
interaction,interaction
interaction,interaction
interaction,interaction
interaction,interaction
interaction,interaction
interaction,interaction
interaction,interaction
interaction,interaction
interaction,interaction
interaction,interaction
interaction,interaction
interaction,interaction
interaction,interaction
interaction,interaction
interaction,interaction
interaction,interaction
interaction,interaction
interaction,interaction
interaction,interaction
interaction,interaction
interaction,interaction
interaction,interaction
interaction,interaction
interaction,interaction
interaction,interaction
interaction,interaction
interaction,interaction
interaction,interaction
interaction,interaction
interaction,interaction
interaction,interaction
interaction,interaction
interaction,interaction
interaction,interaction
interaction,interaction
interaction,interaction
interaction,interaction
interaction,interaction
interaction,interaction
interaction,interaction
interaction,interaction
interaction,interaction
interaction,interaction
interaction,interaction
interaction,interaction
interaction,interaction
interaction,interaction
interaction,interaction
interaction,interaction
Background,interaction
Background,interaction
Background,interaction
Background,interaction
Background,interaction
Background,interaction
Background,interaction
Background,interaction
Background,interaction
Background,interaction
Background,interaction
Background,interaction
Background,interaction
Background,interaction
Background,interaction
Background,interaction
Background,interaction
Background,interaction
Background,interaction
Background,interaction
Background,interaction
Background,interaction
Background,interaction
Background,interaction
Background,interaction
Background,interaction
Background,interaction
Background,interaction
Background,interaction
Background,interaction
Background,interaction
Background,interaction
Background,interaction
Background,interaction
Background,interaction
Background,interaction
Background,interaction
Background,interaction
Background,interaction
Background,interaction
Background,interaction
Background,interaction
Background,interaction
Background,interaction
Background,interaction
Background,interaction
Background,interaction
Background,interaction
Background,interaction
Background,interaction
Background,interaction
Background,interaction
Background,interaction
Background,interaction
Background,interaction
Background,interaction
Background,interaction
Background,interaction
Background,interaction
Background,interaction
Background,interaction
Background,interaction
Background,interaction
Background,interaction
Background,interaction
Background,interaction
Background,interaction
Background,interaction
Background,interaction
Background,interaction
Background,interaction
Background,interaction
Background,interaction
Background,interaction
Background,interaction
Background,interaction
Background,interaction
Background,interaction
Background,interaction
Background,interaction
Background,interaction
Background,interaction
Background,interaction
Background,interaction
Background,interaction
Background,interaction
Background,interaction
Background,interaction
Background,interaction
Background,interaction
Background,interaction
Background,interaction
Background,interaction
Background,interaction
Background,interaction
Background,interaction
Background,interaction
Background,interaction
Background,interaction
Background,interaction
Background,interaction
Background,interaction
Background,interaction
Background,interaction
Background,interaction
Background,interaction
Background,interaction
Background,interaction
Background,interaction
Background,interaction
Background,interaction
Background,interaction
Background,interaction
Background,interaction
Background,interaction
Background,interaction
Background,interaction
Background,interaction
Background,interaction
Background,interaction
Background,interaction
Background,interaction
Background,interaction
Background,interaction
Background,interaction
Background,interaction
Background,interaction
Background,interaction
Background,interaction
Background,interaction
Background,interaction
Background,background
Background,background
Background,background
Background,background
Background,background
Background,background
Background,background
Background,background
Background,background
Background,background
Background,background
Background,background
Background,background
Background,background
Background,background
Background,background
Background,background
Background,background
Background,background
Background,background
Background,background
Background,background
Background,background
Background,background
Background,background
Background,background
Background,background
Background,background
Background,background
Background,background
Background,background
Background,background
Background,background
Background,background
Background,background
Background,background
Background,background
Background,background
Background,background
Background,background
Background,background
Background,background
Background,background
Background,background
Background,background
Background,background
Background,background
Background,background
Background,background
Background,background
Background,background
Background,background
Background,background
Background,background
Background,background
Background,background
Background,background
Background,background
Background,background
Background,background
Background,background
Background,background
Background,background
Background,background
Background,background
Background,background
Background,background
Background,background
Background,background
Background,background
Background,background
Background,background
Background,background
Background,background
Background,background
Background,background
Background,background
Background,background
Background,background
Background,background
Background,background
Background,background
Background,background
Background,background
Background,background
Background,background
Background,background
Background,background
Background,background
Background,background
Background,background
Background,background
Background,background
Background,background
Background,background
Background,background
Background,background
Background,background
Background,background
Background,background
Background,background
Background,background
Background,background
Background,background
Background,background
Background,background
Background,background
Background,background
Background,background
Background,background
Background,background
Background,background
Background,background
Background,background
Background,background
Background,background
Background,background
Background,background
Background,background
Background,background
Background,background
Background,background
Background,interaction
Background,interaction
Background,interaction
Background,interaction
Background,interaction
Background,interaction
Background,interaction
Background,interaction
Background,interaction
Background,interaction
Background,interaction
Background,interaction
Background,interaction
Background,interaction
Background,interaction
Background,interaction
Background,interaction
Background,interaction
Background,interaction
Background,interaction
Background,interaction
Background,interaction
Background,interaction
Background,interaction
Background,interaction
interaction,interaction
interaction,interaction
interaction,interaction
interaction,interaction
interaction,interaction
interaction,interaction
interaction,interaction
interaction,interaction
interaction,interaction
interaction,interaction
interaction,interaction
interaction,interaction
interaction,interaction
interaction,interaction
interaction,interaction
interaction,interaction
interaction,interaction
interaction,interaction
interaction,interaction
interaction,interaction
interaction,interaction
interaction,interaction
interaction,interaction
interaction,interaction
interaction,interaction
interaction,interaction
interaction,interaction
interaction,interaction
interaction,interaction
interaction,interaction
interaction,interaction
interaction,interaction
interaction,interaction
interaction,interaction
interaction,interaction
interaction,interaction
interaction,interaction
interaction,interaction
interaction,interaction
interaction,interaction
interaction,interaction
interaction,interaction
interaction,interaction
interaction,interaction
interaction,interaction
interaction,interaction
interaction,interaction
interaction,interaction
interaction,interaction
interaction,interaction
interaction,interaction
interaction,interaction
interaction,interaction
interaction,interaction
interaction,interaction
interaction,interaction
interaction,interaction
interaction,interaction
interaction,interaction
interaction,interaction
interaction,interaction
interaction,interaction
interaction,interaction
interaction,interaction
interaction,background
interaction,background
interaction,background
interaction,background
interaction,background
interaction,background
interaction,background
interaction,background
interaction,background
interaction,background
interaction,background
interaction,background
interaction,background
interaction,background
Background,background
Background,background
Background,background
Background,background
Background,background
Background,background
Background,background
Background,background
Background,background
Background,background
Background,background
Background,background
Background,background
Background,background
Background,background
Background,background
Background,background
Background,background
Background,background
Background,background
Background,background
Background,background
Background,background
Background,background
Background,background
Background,background
Background,background
Background,background
Background,background
Background,background
Background,background
Background,background
Background,background
Background,background
Background,background
Background,background
Background,background
Background,background
Background,background
Background,background
Background,background
Background,background
Background,background
Background,background
Background,background
Background,background
Background,background
Background,background
Background,background
Background,background
Background,background
Background,background
Background,background
Background,background
Background,background
Background,background
Background,background
Background,background
Background,background
Background,background
Background,background
Background,background
Background,background
Background,background
Background,background
Background,background
Background,background
Background,background
Background,background
Background,background
Background,background
Background,background
Background,background
Background,background
Background,background
Background,background
Background,background
Background,background
Background,background
Background,background
Background,background
Background,background
Background,background
Background,background
Background,background
Background,background
Background,background
Background,background
Background,background
Background,background
Background,background
Background,background
Background,background
Background,background
Background,background
Background,background
Background,background
Background,background
Background,background
Background,background
Background,background
Background,background
Background,background
Background,background
Background,background
Background,background
Background,background
Background,background
Background,background
Background,background
Background,background
Background,background
Background,background
Background,background
Background,background
Background,background
Background,background
Background,background
Background,background
Background,background
Background,background
Background,background
Background,background
Background,background
Background,background
Background,background
Background,background
Background,background
Background,background
Background,background
Background,background
Background,background
Background,background
Background,background
Background,background
Background,background
Background,background
Background,background
Background,background
Background,background
Background,background
Background,background
Background,background
Background,background
Background,background
Background,background
Background,background
Background,background
Background,background
Background,background
Background,background
Background,background
Background,background
Background,background
Background,background
Background,background
Background,background
Background,background
Background,background
Background,background
Background,background
Background,background
Background,background
Background,background
Background,background
Background,background
Background,background
Background,background
Background,background
Background,background
Background,background
Background,background
Background,background
Background,background
Background,background
Background,background
Background,background
Background,background
Background,background
Background,background
Background,background
Background,background
Background,background
Background,background
Background,background
Background,background
Background,background
Background,background
Background,background
Background,background
Background,background
Background,background
Background,background
Background,background
Background,background
Background,background
Background,background
Background,background
Background,background
Background,background
Background,background
Background,background
Background,background
Background,background
Background,background
Background,background
Background,background
Background,background
Background,background
Background,background
Background,background
Background,background
Background,background
Background,background
Background,background
Background,background
Background,background
Background,background
Background,background
Background,background
Background,background
Background,background
Background,background
Background,background
Background,background
Background,background
Background,background
Background,background
Background,background
Background,background
Background,background
Background,background
Background,background
Background,background
Background,background
Background,background
Background,background
Background,background
Background,background
Background,background
Background,background
Background,background
Background,background
Background,background
Background,background
Background,background
Background,background
Background,background
Background,background
Background,background
Background,background
Background,background
Background,background
Background,background
Background,background
Background,background
Background,background
Background,background
Background,background
Background,background
Background,background
Background,background
Background,background
Background,background
Background,background
Background,background
Background,background
Background,background
Background,background
Background,background
Background,background
Background,background
Background,background
Background,background
Background,background
Background,background
Background,background
Background,background
Background,background
Background,background
Background,background
Background,background
Background,background
Background,background
Background,background
Background,background
Background,background
Background,background
Background,background
Background,background
Background,background
Background,background
Background,background
Background,background
Background,background
Background,background
Background,background
Background,background
Background,background
Background,background
Background,background
Background,background
Background,background
Background,background
Background,background
Background,background
Background,background
Background,background
Background,background
Background,background
Background,background
Background,background
Background,background
Background,background
Background,background
Background,background
Background,background
Background,background
Background,background
Background,background
Background,background
Background,background
Background,background
Background,background
Background,background
Background,background
Background,background
Background,background
Background,background
Background,background
Background,background
Background,background
Background,background
Background,background
Background,background
Background,background
Background,background
Background,background
Background,background
Background,background
Background,background
Background,background
Background,background
Background,background
Background,background
Background,background
Background,background
Background,background
Background,background
Background,background
Background,background
Background,background
Background,background
Background,background
Background,background
Background,background
Background,background
Background,background
Background,background
Background,background
Background,background
Background,background
Background,background
Background,background
Background,background
Background,background
Background,background
Background,background
Background,background
Background,background
Background,background
Background,background
Background,background
Background,background
Background,background
Background,background
Background,background
Background,background
Background,background
Background,background
Background,background
Background,background
Background,background
Background,background
Background,background
Background,background
Background,background
Background,background
Background,background
Background,background
Background,background
Background,background
Background,background
Background,background
Background,background
Background,background
Background,background
Background,background
Background,background
Background,background
Background,background
Background,background
Background,background
Background,background
Background,background
Background,background
Background,background
Background,background
Background,background
Background,background
Background,background
Background,background
Background,background
Background,background
Background,background
Background,background
Background,background
Background,background
Background,background
Background,background
Background,background
Background,background
Background,background
Background,background
Background,background
Background,background
Background,background
Background,background
Background,background
Background,background
Background,background
Background,background
Background,background
Background,background
Background,background
Background,background
Background,background
Background,background
Background,background
Background,background
Background,background
Background,background
Background,background
Background,background
Background,background
Background,background
Background,background
Background,background
Background,background
Background,background
Background,background
Background,background
Background,background
Background,background
Background,background
Background,background
Background,background
Background,background
Background,background
Background,background
Background,background
Background,background
Background,background
Background,background
Background,background
Background,background
Background,background
Background,background
Background,background
Background,background
Background,background
Background,background
Background,background
Background,background
Background,background
Background,background
Background,background
Background,background
Background,background
Background,background
Background,background
Background,background
Background,background
Background,background
Background,background
Background,background
Background,background
Background,background
Background,background
Background,background
Background,background
Background,background
Background,background
Background,background
Background,background
Background,background
Background,background
Background,background
Background,background
Background,background
Background,background
Background,background
Background,background
Background,background
Background,background
Background,background
Background,background
Background,background
Background,background
Background,background
Background,background
Background,background
Background,background
Background,background
Background,background
Background,background
Background,background
Background,background
Background,background
Background,background
Background,background
Background,background
Background,background
Background,background
Background,background
Background,background
Background,background
Background,background
Background,background
Background,background
Background,background
Background,background
Background,background
Background,background
Background,background
Background,background
Background,background
Background,background
Background,background
Background,background
Background,background
Background,background
Background,background
Background,background
Background,background
Background,background
Background,background
Background,background
Background,background
Background,background
Background,background
Background,background
Background,background
Background,background
Background,background
Background,background
Background,background
Background,background
Background,background
Background,background
Background,background
Background,background
Background,background
Background,background
Background,background
Background,background
Background,background
Background,background
Background,background
Background,background
Background,background
Background,background
Background,background
Background,background
Background,background
Background,background
Background,background
Background,background
Background,background
Background,background
Background,background
Background,background
Background,background
Background,background
Background,background
Background,background
Background,background
Background,background
Background,background
Background,background
Background,background
Background,background
Background,background
Background,background
Background,background
Background,background
Background,background
Background,background
Background,background
Background,background
Background,background
Background,background
Background,background
Background,background
Background,background
Background,background
Background,background
Background,background
Background,background
Background,background
Background,background
Background,background
Background,background
Background,background
Background,background
Background,background
Background,background
Background,background
Background,background
Background,background
Background,background
Background,background
Background,background
Background,background
Background,background
Background,background
Background,background
Background,background
Background,background
Background,background
Background,background
Background,background
Background,background
Background,background
Background,background
Background,background
Background,background
Background,background
Background,background
Background,background
Background,background
Background,background
Background,background
Background,background
Background,background
Background,background
Background,background
Background,background
Background,background
Background,background
Background,background
Background,background
Background,background
Background,background
Background,background
Background,background
Background,background
Background,background
Background,background
Background,background
Background,background
Background,background
Background,background
Background,background
Background,background
Background,background
Background,background
Background,background
Background,background
Background,background
Background,background
Background,background
Background,background
Background,background
Background,background
Background,background
Background,background
Background,background
Background,background
Background,background
Background,background
Background,background
Background,background
Background,background
Background,background
Background,background
Background,background
Background,background
Background,background
Background,background
Background,background
Background,background
Background,background
Background,background
Background,background
Background,background
Background,background
Background,background
Background,background
Background,background
Background,background
Background,background
Background,background
Background,background
Background,background
Background,background
Background,background
Background,background
Background,background
Background,background
Background,background
Background,background
Background,background
Background,background
Background,background
Background,background
Background,background
Background,background
Background,background
Background,background
Background,background
Background,background
Background,background
Background,background
Background,background
Background,background
Background,background
Background,background
Background,background
Background,background
Background,background
Background,background
Background,background
Background,background
Background,background
Background,background
Background,background
Background,background
Background,background
Background,background
Background,background
Background,background
Background,background
Background,background
Background,background
Background,background
Background,background
Background,background
Background,background
Background,background
Background,background
Background,background
Background,background
Background,background
Background,background
Background,background
Background,background
Background,background
Background,background
Background,background
Background,background
Background,background
Background,background
Background,background
Background,background
Background,background
Background,background
Background,background
Background,background
Background,background
Background,background
Background,background
Background,background
Background,background
Background,background
Background,background
Background,background
Background,background
Background,background
Background,background
Background,background
Background,background
Background,background
Background,background
Background,background
Background,background
Background,background
Background,background
Background,background
Background,background
Background,background
Background,background
Background,background
Background,background
Background,background
Background,background
Background,background
Background,background
Background,background
Background,background
Background,background
Background,background
Background,background
Background,background
Background,background
Background,background
Background,background
Background,background
Background,background
Background,background
Background,background
Background,background
Background,background
Background,background
Background,background
Background,background
Background,background
Background,background
Background,background
Background,background
Background,background
Background,background
Background,background
Background,background
Background,background
Background,background
Background,background
Background,background
Background,background
Background,background
Background,background
Background,background
Background,background
Background,background
Background,background
Background,background
Background,background
Background,background
Background,background
Background,background
Background,background
Background,background
Background,background
Background,background
Background,background
Background,background
Background,background
Background,background
Background,background
Background,background
Background,background
Background,background
Background,background
Background,background
Background,background
Background,background
Background,background
Background,background
Background,background
Background,background
Background,background
Background,background
Background,background
Background,background
Background,background
Background,background
Background,background
Background,background
Background,background
Background,background
Background,background
Background,background
Background,background
Background,background
Background,background
Background,background
Background,background
Background,background
Background,background
Background,background
Background,background
Background,background
Background,background
Background,background
Background,background
Background,background
Background,background
Background,background
Background,background
Background,background
Background,background
Background,background
Background,background
Background,background
Background,background
Background,background
Background,background
Background,background
Background,background
Background,background
Background,background
Background,background
Background,background
Background,background
Background,background
Background,background
Background,background
Background,background
Background,background
Background,background
Background,background
Background,background
Background,background
Background,background
Background,background
Background,background
Background,background
Background,background
Background,background
Background,background
Background,background
Background,background
Background,background
Background,background
Background,background
Background,background
Background,background
Background,background
Background,background
Background,background
Background,background
Background,background
Background,background
Background,background
Background,background
Background,background
Background,background
Background,background
Background,background
Background,background
Background,background
Background,background
Background,background
Background,background
Background,background
Background,background
Background,background
Background,background
Background,background
Background,background
Background,background
Background,background
Background,background
Background,background
Background,background
Background,background
Background,background
Background,background
Background,background
Background,background
Background,background
Background,background
Background,background
Background,background
Background,background
Background,background
Background,background
Background,background
Background,background
Background,background
Background,background
Background,background
Background,background
Background,background
Background,background
Background,background
Background,background
Background,background
Background,background
Background,background
Background,background
Background,background
Background,background
Background,background
Background,background
Background,background
Background,background
Background,background
Background,background
Background,background
Background,background
Background,background
Background,background
Background,background
Background,background
Background,background
Background,background
Background,background
Background,background
Background,background
Background,background
Background,background
Background,background
Background,background
Background,background
Background,background
Background,background
Background,background
Background,background
Background,background
Background,background
Background,background
Background,background
Background,background
Background,background
Background,background
Background,background
Background,background
Background,background
Background,background
Background,background
Background,background
Background,background
Background,background
Background,background
Background,background
Background,background
Background,background
Background,background
Background,background
Background,background
Background,background
Background,background
Background,background
Background,background
Background,background
Background,background
Background,background
Background,background
Background,background
Background,background
Background,background
Background,background
Background,background
Background,background
Background,background
Background,background
Background,background
Background,background
Background,background
Background,background
Background,background
Background,background
Background,background
Background,background
Background,background
Background,background
Background,background
Background,background
Background,background
Background,background
Background,background
Background,background
Background,background
Background,background
Background,background
Background,background
Background,background
Background,background
Background,background
Background,background
Background,background
Background,background
Background,background
Background,background
Background,background
Background,background
Background,background
Background,background
Background,background
Background,background
Background,background
Background,background
Background,background
Background,background
Background,background
Background,background
Background,background
Background,background
Background,background
Background,background
Background,background
Background,background
Background,background
Background,background
Background,background
Background,background
Background,background
Background,background
Background,background
Background,background
Background,background
Background,background
Background,background
Background,background
Background,background
Background,background
Background,background
Background,background
Background,background
Background,background
Background,background
Background,background
Background,background
Background,background
Background,background
Background,background
Background,background
Background,background
Background,background
Background,background
Background,background
Background,background
Background,background
Background,background
Background,background
Background,background
Background,background
Background,background
Background,background
Background,background
Background,background
Background,background
Background,background
Background,background
Background,background
Background,background
Background,background
Background,background
Background,background
Background,background
Background,background
Background,background
Background,background
Background,background
Background,background
Background,background
Background,background
Background,background
Background,background
Background,background
Background,background
Background,background
Background,background
Background,background
Background,background
Background,background
Background,background
Background,background
Background,background
Background,background
Background,background
Background,background
Background,background
Background,background
Background,background
Background,background
Background,background
Background,background
Background,background
Background,background
Background,background
Background,background
Background,background
Background,background
Background,background
Background,background
Background,background
Background,background
Background,background
Background,background
Background,background
Background,background
Background,background
Background,background
Background,background
Background,background
Background,background
Background,background
Background,background
Background,background
Background,background
Background,background
Background,background
Background,background
Background,background
Background,background
Background,background
Background,background
Background,background
Background,background
Background,background
Background,background
Background,background
Background,background
Background,background
Background,background
Background,background
Background,background
Background,background
Background,background
Background,background
Background,background
Background,background
Background,background
Background,background
Background,background
Background,background
Background,background
Background,background
Background,background
Background,background
Background,background
Background,background
Background,background
Background,background
Background,background
Background,background
Background,background
Background,background
Background,background
Background,background
Background,background
Background,background
Background,background
Background,background
Background,background
Background,background
Background,background
Background,background
Background,background
Background,background
Background,background
Background,background
Background,background
Background,background
Background,background
Background,background
Background,background
Background,background
Background,background
Background,background
Background,background
Background,background
Background,background
Background,background
Background,background
Background,background
Background,background
Background,background
Background,background
Background,background
Background,background
Background,background
Background,background
Background,background
Background,background
Background,background
Background,background
Background,background
Background,background
Background,background
Background,background
Background,background
Background,background
Background,background
Background,background
Background,background
Background,background
Background,background
Background,background
Background,background
Background,background
Background,background
Background,background
Background,background
Background,background
Background,background
Background,background
Background,background
Background,background
Background,background
Background,background
Background,background
Background,background
Background,background
Background,background
Background,background
Background,background
Background,background
Background,background
Background,background
Background,background
Background,background
Background,background
Background,background
Background,background
Background,background
Background,background
Background,background
Background,background
Background,background
Background,background
Background,background
Background,background
Background,background
Background,background
Background,background
Background,background
Background,background
Background,background
Background,background
Background,background
Background,background
Background,background
Background,background
Background,background
Background,background
Background,background
Background,background
Background,background
Background,background
Background,background
Background,background
Background,background
Background,background
Background,background
Background,background
Background,background
Background,background
Background,background
Background,background
Background,background
Background,background
Background,background
Background,background
Background,background
Background,background
Background,background
Background,background
Background,background
Background,background
Background,background
Background,background
Background,background
Background,background
Background,background
Background,background
Background,background
Background,background
Background,background
Background,background
Background,background
Background,background
Background,background
Background,background
Background,background
Background,background
Background,background
Background,background
Background,background
Background,background
Background,background
Background,background
Background,background
Background,background
Background,background
Background,background
Background,background
Background,background
Background,background
Background,background
Background,background
Background,background
Background,background
Background,background
Background,background
Background,background
Background,background
Background,background
Background,background
Background,background
Background,background
Background,background
Background,background
Background,background
Background,background
Background,background
Background,background
Background,background
Background,background
Background,background
Background,background
Background,background
Background,background
Background,background
Background,background
Background,background
Background,background
Background,background
Background,background
Background,background
Background,background
Background,background
Background,background
Background,background
Background,background
Background,background
Background,background
Background,background
Background,background
Background,background
Background,background
Background,background
Background,background
Background,background
Background,background
Background,background
Background,background
Background,background
Background,background
Background,background
Background,background
Background,background
Background,background
Background,background
Background,background
Background,background
Background,background
Background,background
Background,background
Background,background
Background,background
Background,background
Background,background
Background,background
Background,background
Background,background
Background,background
Background,background
Background,background
Background,background
Background,background
Background,background
Background,background
Background,background
Background,background
Background,background
Background,background
Background,background
Background,background
Background,background
Background,background
Background,background
Background,background
Background,background
Background,background
Background,background
Background,background
Background,background
Background,background
Background,background
Background,background
Background,background
Background,background
Background,background
Background,background
Background,background
Background,background
Background,background
Background,background
Background,background
Background,background
Background,background
Background,background
Background,background
Background,background
Background,background
Background,background
Background,background
Background,background
Background,background
Background,background
Background,background
Background,background
Background,background
Background,background
Background,background
Background,background
Background,background
Background,background
Background,background
Background,background
Background,background
Background,background
Background,background
Background,background
Background,background
Background,background
Background,background
Background,background
Background,background
Background,background
Background,background
Background,background
Background,background
Background,background
Background,background
Background,background
Background,background
Background,background
Background,background
Background,background
Background,background
Background,background
Background,background
Background,background
Background,background
Background,background
Background,background
Background,background
Background,background
Background,background
Background,background
Background,background
Background,background
Background,background
Background,background
Background,background
Background,background
Background,background
Background,background
Background,background
Background,background
Background,background
Background,background
Background,background
Background,background
Background,background
Background,background
Background,background
Background,background
Background,background
Background,background
Background,background
Background,background
Background,background
Background,background
Background,background
Background,background
Background,background
Background,background
Background,background
Background,background
Background,background
Background,background
Background,background
Background,background
Background,background
Background,background
Background,background
Background,background
Background,background
Background,background
Background,background
Background,background
Background,background
Background,background
Background,background
Background,background
Background,background
Background,background
Background,background
Background,background
Background,background
Background,background
Background,background
Background,background
Background,background
Background,background
Background,background
Background,background
Background,background
Background,background
Background,background
Background,background
Background,background
Background,background
Background,background
Background,background
Background,background
Background,background
Background,background
Background,background
Background,background
Background,background
Background,background
Background,background
Background,background
Background,background
Background,background
Background,background
Background,background
Background,background
Background,background
Background,background
Background,background
Background,background
Background,background
Background,background
Background,background
Background,background
Background,background
Background,background
Background,background
Background,background
Background,background
Background,background
Background,background
Background,background
Background,background
Background,background
Background,background
Background,background
Background,background
Background,background
Background,background
Background,background
Background,background
Background,background
Background,background
Background,background
Background,background
Background,background
Background,background
Background,background
Background,background
Background,background
Background,background
Background,background
Background,background
Background,background
Background,background
Background,background
Background,background
Background,background
Background,background
Background,background
Background,background
Background,background
Background,background
Background,background
Background,background
Background,background
Background,background
Background,background
Background,background
Background,background
Background,background
Background,background
Background,background
Background,background
Background,background
Background,background
Background,background
Background,background
Background,background
Background,background
Background,background
Background,background
Background,background
Background,background
Background,background
Background,background
Background,background
Background,background
Background,background
Background,background
Background,background
Background,background
Background,background
Background,background
Background,background
Background,background
Background,background
Background,background
Background,background
Background,background
Background,background
Background,background
Background,background
Background,background
Background,background
Background,background
Background,background
Background,background
Background,background
Background,background
Background,background
Background,background
Background,background
Background,background
Background,background
Background,background
Background,background
Background,background
Background,background
Background,background
Background,background
Background,background
Background,background
Background,background
Background,background
Background,background
Background,background
Background,background
Background,background
Background,background
Background,background
Background,background
Background,background
Background,background
Background,background
Background,background
Background,background
Background,background
Background,background
Background,background
Background,background
Background,background
Background,background
Background,background
Background,background
Background,background
Background,background
Background,background
Background,background
Background,background
Background,background
Background,background
Background,background
Background,background
Background,background
Background,background
Background,background
Background,background
Background,background
Background,background
Background,background
Background,background
Background,background
Background,background
Background,background
Background,background
Background,background
Background,background
Background,background
Background,background
Background,background
Background,background
Background,background
Background,background
Background,background
Background,background
Background,background
Background,background
Background,background
Background,background
Background,background
Background,background
Background,background
Background,background
Background,background
Background,background
Background,background
Background,background
Background,background
Background,background
Background,background
Background,background
Background,background
Background,background
Background,background
Background,background
Background,background
Background,background
Background,background
Background,background
Background,background
Background,background
Background,background
Background,background
Background,background
Background,background
Background,background
Background,background
Background,background
Background,background
Background,background
Background,background
Background,background
Background,background
Background,background
Background,background
Background,background
Background,background
Background,background
Background,background
Background,background
Background,background
Background,background
Background,background
Background,background
Background,background
Background,background
Background,background
Background,background
Background,background
Background,background
Background,background
Background,background
Background,background
Background,background
Background,background
Background,background
Background,background
Background,background
Background,background
Background,background
Background,background
Background,background
Background,background
Background,background
Background,background
Background,background
Background,background
Background,background
Background,background
Background,background
Background,background
Background,background
Background,background
Background,background
Background,background
Background,background
Background,background
Background,background
Background,background
Background,background
Background,background
Background,background
Background,background
Background,background
Background,background
Background,background
Background,background
Background,background
Background,background
Background,background
Background,background
Background,background
Background,background
Background,background
Background,background
Background,background
Background,background
Background,background
Background,background
Background,background
Background,background
Background,background
Background,background
Background,background
Background,background
Background,background
Background,background
Background,background
Background,background
Background,background
Background,background
Background,background
Background,background
Background,background
Background,background
Background,background
Background,background
Background,background
Background,background
Background,background
Background,background
Background,background
Background,background
Background,background
Background,background
Background,background
Background,background
Background,background
Background,background
Background,background
Background,background
Background,background
Background,background
Background,background
Background,background
Background,background
Background,background
Background,background
Background,background
Background,background
Background,background
Background,background
Background,background
Background,background
Background,background
Background,background
Background,background
Background,background
Background,background
Background,background
Background,background
Background,background
Background,background
Background,background
Background,background
Background,background
Background,background
Background,background
Background,background
Background,background
Background,background
Background,background
Background,background
Background,background
Background,background
Background,background
Background,background
Background,background
Background,background
Background,background
Background,background
Background,background
Background,background
Background,background
Background,background
Background,background
Background,background
Background,background
Background,background
Background,background
Background,background
Background,background
Background,background
Background,background
Background,background
Background,background
Background,background
Background,background
Background,background
Background,background
Background,background
Background,background
Background,background
Background,background
Background,background
Background,background
Background,background
Background,background
Background,background
Background,background
Background,background
Background,background
Background,background
Background,background
Background,background
Background,background
Background,background
Background,background
Background,background
Background,background
Background,background
Background,background
Background,background
Background,background
Background,background
Background,background
Background,background
Background,background
Background,background
Background,background
Background,background
Background,background
Background,background
Background,background
Background,background
Background,background
Background,background
Background,background
Background,background
Background,background
Background,background
Background,background
Background,background
Background,background
Background,background
Background,background
Background,background
Background,background
Background,background
Background,background
Background,background
Background,background
Background,background
Background,background
Background,background
Background,background
Background,background
Background,background
Background,background
Background,background
Background,background
Background,background
Background,background
Background,background
Background,background
Background,background
Background,background
Background,background
Background,background
Background,background
Background,background
Background,background
Background,background
Background,background
Background,background
Background,background
Background,background
Background,background
Background,background
Background,background
Background,background
Background,background
Background,background
Background,background
Background,background
Background,background
Background,background
Background,background
Background,background
Background,background
Background,background
Background,background
Background,background
Background,background
Background,background
Background,background
Background,background
Background,background
Background,background
Background,background
Background,background
Background,background
Background,background
Background,background
Background,background
Background,background
Background,background
Background,background
Background,background
Background,background
Background,background
Background,background
Background,background
Background,background
Background,background
Background,background
Background,background
Background,background
Background,background
Background,background
Background,background
Background,background
Background,background
Background,background
Background,background
Background,background
Background,background
Background,background
Background,background
Background,background
Background,background
Background,background
Background,background
Background,background
Background,background
Background,background
Background,background
Background,background
Background,background
Background,background
Background,background
Background,background
Background,background
Background,background
Background,background
Background,background
Background,background
Background,background
Background,background
Background,background
Background,background
Background,background
Background,background
Background,background
Background,background
Background,background
Background,background
Background,background
Background,background
Background,background
Background,background
Background,background
Background,background
Background,background
Background,background
Background,background
Background,background
Background,background
Background,background
Background,background
Background,background
Background,background
Background,background
Background,background
Background,background
Background,background
Background,background
Background,background
Background,background
Background,background
Background,background
Background,background
Background,background
Background,background
Background,background
Background,background
Background,background
Background,background
Background,background
Background,background
Background,background
Background,background
Background,background
Background,background
Background,background
Background,background
Background,background
Background,background
Background,background
Background,background
Background,background
Background,background
Background,background
Background,background
Background,background
Background,background
Background,background
Background,background
Background,background
Background,background
Background,background
Background,background
Background,background
Background,background
Background,background
Background,background
Background,background
Background,background
Background,background
Background,background
Background,background
posing,background
posing,background
posing,background
posing,background
posing,background
posing,background
posing,background
Background,background
Background,background
Background,background
Background,background
Background,background
Background,background
Background,background
Background,background
Background,background
Background,background
Background,background
Background,background
Background,background
Background,background
Background,background
Background,background
Background,background
Background,background
Background,background
Background,background
Background,background
Background,background
Background,background
Background,background
Background,background
Background,background
Background,background
Background,background
Background,background
Background,background
Background,background
Background,background
Background,background
Background,background
Background,background
Background,background
Background,background
Background,background
Background,background
Background,background
Background,background
Background,background
Background,background
Background,background
Background,background
Background,background
Background,background
Background,background
Background,background
Background,background
Background,background
Background,background
Background,background
Background,background
Background,background
Background,background
Background,background
Background,background
Background,background
Background,background
Background,background
Background,background
Background,background
Background,background
Background,background
Background,background
Background,background
Background,background
Background,background
Background,background
Background,background
Background,background
Background,background
Background,background
Background,background
Background,background
Background,background
Background,background
Background,background
Background,background
Background,background
Background,background
Background,background
Background,background
Background,background
Background,background
Background,background
Background,background
Background,background
Background,background
Background,background
Background,background
Background,background
Background,background
Background,background
Background,background
Background,background
Background,background
Background,background
Background,background
Background,background
Background,background
Background,background
Background,background
Background,background
Background,background
Background,background
Background,background
Background,background
Background,background
Background,background
Background,background
Background,background
Background,background
Background,background
Background,background
Background,background
Background,background
Background,background
Background,background
Background,background
Background,background
Background,background
Background,background
Background,background
Background,background
Background,background
Background,background
Background,background
Background,background
Background,background
Background,background
Background,background
Background,background
Background,background
Background,background
Background,background
Background,background
Background,background
Background,background
Background,background
Background,background
Background,background
Background,background
Background,background
Background,background
Background,background
Background,background
Background,background
Background,background
Background,background
Background,background
Background,background
Background,background
Background,background
Background,background
Background,background
Background,background
Background,background
Background,background
Background,background
Background,background
Background,background
Background,background
Background,background
Background,background
Background,background
Background,background
Background,background
Background,background
Background,background
Background,background
Background,background
Background,background
Background,background
Background,background
Background,background
Background,background
Background,background
Background,background
Background,background
Background,background
Background,background
Background,background
Background,background
Background,background
Background,background
Background,background
Background,background
Background,background
Background,background
Background,background
Background,background
Background,background
Background,background
Background,background
Background,background
Background,background
Background,background
Background,background
Background,background
Background,background
Background,background
Background,background
Background,background
Background,background
Background,background
Background,background
Background,background
Background,background
Background,background
Background,background
Background,background
Background,background
Background,background
Background,background
Background,background
Background,background
Background,background
Background,background
Background,background
Background,background
Background,background
Background,background
Background,background
Background,background
Background,background
Background,background
Background,background
Background,background
Background,background
Background,background
Background,background
Background,background
Background,background
Background,background
Background,background
Background,background
Background,background
Background,background
Background,background
Background,background
Background,background
Background,background
Background,background
Background,background
Background,background
Background,background
Background,background
Background,background
Background,background
Background,background
Background,background
Background,background
Background,background
Background,background
Background,background
Background,background
Background,background
Background,background
Background,background
Background,background
Background,background
Background,background
Background,background
Background,background
Background,background
Background,background
Background,background
Background,background
Background,background
Background,background
Background,background
Background,background
Background,background
Background,background
Background,background
Background,background
Background,background
Background,background
Background,background
Background,background
Background,background
Background,background
Background,background
Background,background
Background,background
Background,background
Background,background
Background,background
Background,background
Background,background
Background,background
Background,background
Background,background
Background,background
Background,background
Background,background
Background,background
Background,background
Background,background
Background,background
Background,background
Background,background
Background,background
Background,background
Background,background
Background,background
Background,background
Background,background
Background,background
Background,background
Background,background
Background,background
Background,background
Background,background
Background,background
Background,background
Background,background
Background,background
Background,background
Background,background
Background,background
Background,background
Background,background
Background,background
Background,background
Background,background
Background,background
Background,background
Background,background
Background,background
Background,background
Background,background
Background,background
Background,background
Background,background
Background,background
Background,background
Background,background
Background,background
Background,background
Background,background
Background,background
Background,background
Background,background
Background,background
Background,background
Background,background
Background,background
Background,background
Background,background
Background,background
Background,background
Background,background
Background,background
Background,background
Background,background
Background,background
Background,background
Background,background
Background,background
Background,background
Background,background
Background,background
Background,background
Background,background
Background,background
Background,background
Background,background
Background,background
Background,background
Background,background
Background,background
Background,background
Background,background
Background,background
Background,background
Background,background
Background,background
Background,background
Background,background
Background,background
Background,background
Background,background
Background,background
Background,background
Background,background
Background,background
Background,background
Background,background
Background,background
Background,background
Background,background
Background,background
Background,background
Background,background
Background,background
Background,background
Background,background
Background,background
Background,background
Background,background
Background,background
Background,background
Background,background
Background,background
Background,background
Background,background
Background,background
Background,background
Background,background
Background,background
Background,background
Background,background
Background,background
Background,background
Background,background
Background,background
Background,background
Background,background
Background,background
Background,background
Background,background
Background,background
Background,background
Background,background
Background,background
Background,background
Background,background
Background,background
Background,background
Background,background
Background,background
Background,background
Background,background
Background,background
Background,background
Background,background
Background,background
Background,background
Background,background
Background,background
Background,background
Background,background
Background,background
Background,background
Background,background
Background,background
Background,background
Background,background
Background,background
Background,background
Background,background
Background,background
Background,background
Background,background
Background,background
Background,background
Background,background
Background,background
Background,background
Background,background
Background,background
Background,background
Background,background
Background,background
Background,background
Background,background
Background,background
Background,background
Background,background
Background,background
Background,background
Background,background
Background,background
Background,background
Background,background
Background,background
Background,background
Background,background
Background,background
Background,background
Background,background
Background,background
Background,background
Background,background
Background,background
Background,background
Background,background
Background,background
Background,background
Background,background
Background,background
Background,background
Background,background
Background,background
Background,background
Background,background
Background,background
Background,background
Background,background
Background,background
Background,background
Background,background
Background,background
Background,background
Background,background
Background,background
Background,background
Background,background
Background,background
Background,background
Background,background
Background,background
Background,background
Background,background
Background,background
Background,background
Background,background
Background,background
Background,background
Background,background
Background,background
Background,background
Background,background
Background,background
Background,background
Background,background
Background,background
Background,background
Background,background
Background,background
Background,background
Background,background
Background,background
Background,background
Background,background
Background,background
Background,background
Background,background
Background,background
Background,background
Background,background
Background,background
Background,background
Background,background
Background,background
Background,background
Background,background
Background,background
Background,background
Background,background
Background,background
Background,background
Background,background
Background,background
Background,background
Background,background
Background,background
Background,background
Background,background
Background,background
Background,background
Background,background
Background,background
Background,background
Background,background
Background,background
Background,background
Background,background
Background,background
Background,background
Background,background
Background,background
Background,background
Background,background
Background,background
Background,background
Background,background
Background,background
Background,background
Background,background
Background,background
Background,background
Background,background
Background,background
Background,background
Background,background
Background,background
Background,background
Background,background
Background,background
Background,background
Background,background
Background,background
Background,background
Background,background
Background,background
Background,background
Background,background
Background,background
Background,background
Background,background
Background,background
Background,background
Background,background
Background,background
Background,background
Background,background
Background,background
Background,background
Background,background
Background,background
Background,background
Background,background
Background,background
Background,background
Background,background
Background,background
Background,background
Background,background
Background,background
Background,background
Background,background
Background,background
Background,background
Background,background
Background,background
Background,background
Background,background
Background,background
Background,background
Background,background
Background,background
Background,background
Background,background
Background,background
Background,background
Background,background
Background,background
Background,background
Background,background
Background,background
Background,background
Background,background
Background,background
Background,background
Background,background
Background,background
Background,background
Background,background
Background,background
Background,background
Background,background
Background,background
Background,background
Background,background
Background,background
Background,background
Background,background
Background,background
Background,background
Background,background
Background,background
Background,background
Background,background
Background,background
Background,background
Background,background
Background,background
Background,background
Background,background
Background,background
Background,background
Background,background
Background,background
Background,background
Background,background
Background,background
Background,background
Background,background
Background,background
Background,background
Background,background
Background,background
Background,background
Background,background
Background,background
Background,background
Background,background
Background,background
Background,background
Background,background
Background,background
Background,background
Background,background
Background,background
Background,background
Background,background
Background,background
Background,background
Background,background
Background,background
Background,background
Background,background
Background,background
Background,background
Background,background
Background,background
Background,background
Background,background
Background,background
Background,background
Background,background
Background,background
Background,background
Background,background
Background,background
Background,background
Background,background
Background,background
Background,background
Background,background
Background,background
Background,background
Background,background
Background,background
Background,background
Background,background
Background,background
Background,background
Background,background
Background,background
Background,background
Background,background
Background,background
Background,background
Background,background
Background,background
Background,background
Background,background
Background,background
Background,background
Background,background
Background,background
Background,background
Background,background
Background,background
Background,background
Background,background
Background,background
Background,background
Background,background
Background,background
Background,background
Background,background
Background,background
Background,background
Background,background
Background,background
Background,background
Background,background
Background,background
Background,background
Background,background
Background,background
Background,background
Background,background
Background,background
Background,background
Background,background
Background,background
Background,background
Background,background
Background,background
Background,background
Background,background
Background,background
Background,background
Background,background
Background,background
Background,background
Background,background
Background,background
Background,background
Background,background
Background,background
Background,background
Background,background
Background,background
Background,background
Background,background
Background,background
Background,background
Background,background
Background,background
Background,background
Background,background
Background,background
Background,background
Background,background
Background,background
Background,background
Background,background
Background,background
Background,background
Background,background
Background,background
Background,background
Background,background
Background,background
Background,background
Background,background
Background,background
Background,background
Background,background
Background,background
Background,background
Background,background
Background,background
Background,background
Background,background
Background,background
Background,background
Background,background
Background,background
Background,background
Background,background
Background,background
Background,background
Background,background
Background,background
Background,background
Background,background
Background,background
Background,background
Background,background
Background,background
Background,background
Background,background
Background,background
Background,background
Background,background
Background,background
Background,background
Background,background
Background,background
Background,background
Background,background
Background,background
Background,background
Background,background
Background,background
Background,background
Background,background
Background,background
Background,background
Background,background
Background,background
Background,background
Background,background
Background,background
Background,background
Background,background
Background,background
Background,background
Background,background
Background,background
Background,background
Background,background
Background,background
Background,background
Background,background
Background,background
Background,background
Background,background
Background,background
Background,background
Background,background
Background,background
Background,background
Background,background
Background,background
Background,background
Background,background
Background,background
Background,background
Background,background
Background,background
Background,background
Background,background
Background,background
Background,background
Background,background
Background,background
Background,background
Background,background
Background,background
Background,background
Background,background
Background,background
Background,background
Background,background
Background,background
Background,background
Background,background
Background,background
Background,background
Background,background
Background,background
Background,background
Background,background
Background,background
Background,background
Background,background
Background,background
Background,background
Background,background
Background,background
Background,background
Background,background
Background,background
Background,background
Background,background
Background,background
Background,background
Background,background
Background,background
Background,background
Background,background
Background,background
Background,background
Background,background
Background,background
Background,background
Background,background
Background,background
Background,background
Background,background
Background,background
Background,background
Background,background
Background,background
Background,background
Background,background
Background,background
Background,background
Background,background
Background,background
Background,background
Background,background
Background,background
Background,background
Background,background
Background,background
Background,background
Background,background
Background,background
Background,background
Background,background
Background,background
Background,background
Background,background
Background,background
Background,background
Background,background
Background,background
Background,background
Background,background
Background,background
Background,background
Background,background
Background,background
Background,background
Background,background
Background,background
Background,background
Background,background
Background,background
Background,background
Background,background
Background,background
Background,background
Background,background
Background,background
Background,background
Background,background
Background,background
Background,background
Background,background
Background,background
Background,background
Background,background
Background,background
Background,background
Background,background
Background,background
Background,background
Background,background
Background,background
Background,background
Background,background
Background,background
Background,background
Background,background
Background,background
Background,background
Background,background
Background,background
Background,background
Background,background
Background,background
Background,background
Background,background
Background,background
Background,background
Background,background
Background,background
Background,background
Background,background
Background,background
Background,background
Background,background
Background,background
Background,background
Background,background
Background,background
Background,background
Background,background
Background,background
Background,background
Background,background
Background,background
Background,background
Background,background
Background,background
Background,background
Background,background
Background,background
Background,background
Background,background
Background,background
Background,background
Background,background
Background,background
Background,background
Background,background
Background,background
Background,background
Background,background
Background,background
Background,background
Background,background
Background,background
Background,background
Background,background
Background,background
Background,background
Background,background
Background,background
Background,background
Background,background
Background,background
Background,background
Background,background
Background,background
Background,background
Background,background
Background,background
Background,background
Background,background
Background,background
Background,background
Background,background
Background,background
Background,background
Background,background
Background,background
Background,background
Background,background
Background,background
Background,background
Background,background
Background,background
Background,background
Background,background
Background,background
Background,background
Background,background
Background,background
Background,background
Background,background
Background,background
Background,background
Background,background
Background,background
Background,background
Background,background
Background,background
Background,background
Background,background
Background,background
Background,background
Background,background
Background,background
Background,background
Background,background
Background,background
Background,background
Background,background
Background,background
Background,background
Background,background
Background,background
Background,background
Background,background
Background,background
Background,background
Background,background
Background,background
Background,background
Background,background
Background,background
Background,background
Background,background
Background,background
Background,background
Background,background
Background,background
Background,background
Background,background
Background,background
Background,background
Background,background
Background,background
Background,background
Background,background
Background,background
Background,background
Background,background
Background,background
Background,background
Background,background
Background,background
Background,background
Background,background
Background,background
Background,background
Background,background
Background,background
Background,background
Background,background
Background,background
Background,background
Background,background
Background,background
Background,background
Background,background
Background,background
Background,background
Background,background
Background,background
Background,background
Background,background
Background,background
Background,background
Background,background
Background,background
Background,background
Background,background
Background,background
Background,background
Background,background
Background,background
Background,background
Background,background
Background,background
Background,background
Background,background
Background,background
Background,background
Background,background
Background,background
Background,background
Background,background
Background,background
Background,background
Background,background
Background,background
Background,background
Background,background
Background,background
Background,background
Background,background
Background,background
Background,background
Background,background
Background,background
Background,background
Background,background
Background,background
Background,background
Background,background
Background,background
Background,background
Background,background
Background,background
Background,background
Background,background
Background,background
Background,background
Background,background
Background,background
Background,background
Background,background
Background,background
Background,background
Background,background
Background,background
Background,background
Background,background
Background,background
Background,background
Background,background
Background,background
Background,background
Background,background
Background,background
Background,background
Background,background
Background,background
Background,background
Background,background
Background,background
Background,background
Background,background
Background,background
Background,background
Background,background
Background,background
Background,background
Background,background
Background,background
Background,background
Background,background
Background,background
Background,background
Background,background
Background,background
Background,background
Background,background
Background,background
Background,background
Background,background
Background,background
Background,background
Background,background
Background,background
Background,background
Background,background
Background,background
Background,background
Background,background
Background,background
Background,background
Background,background
Background,background
Background,background
Background,background
Background,background
Background,background
Background,background
Background,background
Background,background
Background,background
Background,background
Background,background
Background,background
Background,background
Background,background
Background,background
Background,background
Background,background
Background,background
Background,background
Background,background
Background,background
Background,background
Background,background
Background,background
Background,background
Background,background
Background,background
Background,background
Background,background
Background,background
Background,background
Background,background
Background,background
Background,background
Background,background
Background,background
Background,background
Background,background
Background,background
Background,background
Background,background
Background,background
Background,background
Background,background
Background,background
Background,background
Background,background
Background,background
Background,background
Background,background
Background,background
Background,background
Background,background
Background,background
Background,background
Background,background
Background,background
Background,background
Background,background
Background,background
Background,background
Background,background
Background,background
Background,background
Background,background
Background,background
Background,background
Background,background
Background,background
Background,background
Background,background
Background,background
Background,background
Background,background
Background,background
Background,background
Background,background
Background,background
Background,background
Background,background
Background,background
Background,background
Background,background
Background,background
Background,background
Background,background
Background,background
Background,background
Background,background
Background,background
Background,background
Background,background
Background,background
Background,background
Background,background
Background,background
Background,background
Background,background
Background,background
Background,background
Background,background
Background,background
Background,background
Background,background
Background,background
Background,background
Background,background
Background,background
Background,background
Background,background
Background,background
Background,background
Background,background
Background,background
Background,background
Background,background
Background,background
Background,background
Background,background
Background,background
Background,background
Background,background
Background,background
Background,background
Background,background
Background,background
Background,background
Background,background
Background,background
Background,background
Background,background
Background,background
Background,background
Background,background
Background,background
Background,background
Background,background
Background,background
Background,background
Background,background
Background,background
Background,background
Background,background
Background,background
Background,background
Background,background
Background,background
Background,background
Background,background
Background,background
Background,background
Background,background
Background,background
Background,background
Background,background
Background,background
Background,background
Background,background
Background,background
Background,background
Background,background
Background,background
Background,background
Background,background
Background,background
Background,background
Background,background
Background,background
Background,background
Background,background
Background,background
Background,background
Background,background
Background,background
Background,background
Background,background
Background,background
Background,background
Background,background
Background,background
Background,background
Background,background
Background,background
Background,background
Background,background
Background,background
Background,background
Background,background
Background,background
Background,background
Background,background
Background,background
Background,background
Background,background
Background,background
Background,background
Background,background
Background,background
Background,background
Background,background
Background,background
Background,background
Background,background
Background,background
Background,background
Background,background
Background,background
Background,background
Background,background
Background,background
Background,background
Background,background
Background,background
Background,background
Background,background
Background,background
Background,background
Background,background
Background,background
Background,background
Background,background
Background,background
Background,background
Background,background
Background,background
Background,background
Background,background
Background,background
Background,background
Background,background
Background,background
Background,background
Background,background
Background,background
Background,background
Background,background
Background,background
Background,background
Background,background
Background,background
Background,background
Background,background
Background,background
Background,background
Background,background
Background,background
Background,background
Background,background
Background,background
Background,background
Background,background
Background,background
Background,background
Background,background
Background,background
Background,background
Background,background
Background,background
Background,background
Background,background
Background,background
Background,background
Background,background
Background,background
Background,background
Background,background
Background,background
Background,background
Background,background
Background,background
Background,background
Background,background
Background,background
Background,background
Background,background
Background,background
Background,background
Background,background
Background,background
Background,background
Background,background
Background,background
Background,background
Background,background
Background,background
Background,background
Background,background
Background,background
Background,background
Background,background
Background,background
Background,background
Background,background
Background,background
Background,background
Background,background
Background,background
Background,background
Background,background
Background,background
Background,background
Background,background
Background,background
Background,background
Background,background
Background,background
Background,background
Background,background
Background,background
Background,background
Background,background
Background,background
Background,background
Background,background
Background,background
Background,background
Background,background
Background,background
Background,background
Background,background
Background,background
Background,background
Background,background
Background,background
Background,background
Background,background
Background,background
Background,background
Background,background
Background,background
Background,background
Background,background
Background,background
Background,background
Background,background
Background,background
Background,background
Background,background
Background,background
Background,background
Background,background
Background,background
Background,background
Background,background
Background,background
Background,background
Background,background
Background,background
Background,background
Background,background
Background,background
Background,background
Background,background
Background,background
Background,background
Background,background
Background,background
Background,background
Background,background
Background,background
Background,background
Background,background
Background,background
Background,background
Background,background
Background,background
Background,background
Background,background
Background,background
Background,background
Background,background
Background,background
Background,background
Background,background
Background,background
Background,background
Background,background
Background,background
Background,background
Background,background
Background,background
Background,background
Background,background
Background,background
Background,background
Background,background
Background,background
Background,background
Background,background
Background,background
Background,background
Background,background
Background,background
Background,background
Background,background
Background,background
Background,background
Background,background
Background,background
Background,background
Background,background
Background,background
Background,background
Background,background
Background,background
Background,background
Background,background
Background,background
Background,background
Background,background
Background,background
Background,background
Background,background
Background,background
Background,background
Background,background
Background,background
Background,background
Background,background
Background,background
Background,background
Background,background
Background,background
Background,background
Background,background
Background,background
Background,background
Background,background
Background,background
Background,background
Background,background
Background,background
Background,background
Background,background
Background,background
Background,background
Background,background
Background,background
Background,background
Background,background
Background,background
Background,background
Background,background
Background,background
Background,background
Background,background
Background,background
Background,background
Background,background
Background,background
Background,background
Background,background
Background,background
Background,background
Background,background
Background,background
Background,background
Background,background
Background,background
Background,background
Background,background
Background,background
Background,background
Background,background
Background,background
Background,background
Background,background
Background,background
Background,background
Background,background
Background,background
Background,background
Background,background
Background,background
Background,background
Background,background
Background,background
Background,background
Background,background
Background,background
Background,background
Background,background
Background,background
Background,background
Background,background
Background,background
Background,background
Background,background
Background,background
Background,background
Background,background
Background,background
Background,background
Background,background
Background,background
Background,background
Background,background
Background,background
Background,background
Background,background
Background,background
Background,background
Background,background
Background,background
Background,background
Background,background
Background,background
Background,background
Background,background
Background,background
Background,background
Background,background
Background,background
Background,background
Background,background
Background,background
Background,background
Background,background
Background,background
Background,background
Background,background
Background,background
Background,background
Background,background
Background,background
Background,background
Background,background
Background,background
Background,background
Background,background
Background,background
Background,background
Background,background
Background,background
Background,background
Background,background
Background,background
Background,background
Background,background
Background,background
Background,background
Background,background
Background,background
Background,background
Background,background
Background,background
Background,background
Background,background
Background,background
Background,background
Background,background
Background,background
Background,background
Background,background
Background,background
Background,background
Background,background
Background,background
Background,background
Background,background
Background,background
Background,background
Background,background
Background,background
Background,background
Background,background
Background,background
Background,background
Background,background
Background,background
Background,background
Background,background
Background,background
Background,background
Background,background
Background,background
Background,background
Background,background
Background,background
Background,background
Background,background
Background,background
Background,background
Background,background
Background,background
Background,background
Background,background
Background,background
Background,background
Background,background
Background,background
Background,background
Background,background
Background,background
Background,background
Background,background
Background,background
Background,background
Background,background
Background,background
Background,background
Background,background
Background,background
Background,background
Background,background
Background,background
Background,background
Background,background
Background,background
Background,background
Background,background
Background,background
Background,background
Background,background
Background,background
Background,background
Background,background
Background,background
Background,background
Background,background
Background,background
Background,background
Background,background
Background,background
Background,background
Background,background
Background,background
Background,background
Background,background
Background,background
Background,background
Background,background
Background,background
Background,background
Background,background
Background,background
Background,background
Background,background
Background,background
Background,background
Background,background
Background,background
Background,background
Background,background
Background,background
Background,background
Background,background
Background,background
Background,background
Background,background
Background,background
Background,background
Background,background
Background,background
Background,background
Background,background
Background,background
Background,background
Background,background
Background,background
Background,background
Background,background
Background,background
Background,background
Background,background
Background,background
Background,background
Background,background
Background,background
Background,background
Background,background
Background,background
Background,background
Background,background
Background,background
Background,background
Background,background
Background,background
Background,background
Background,background
Background,background
Background,background
Background,background
Background,background
Background,background
Background,background
Background,background
Background,background
Background,background
Background,background
Background,background
Background,background
Background,background
Background,background
Background,background
Background,background
Background,background
Background,background
Background,background
Background,background
Background,background
Background,background
Background,background
Background,background
Background,background
Background,background
Background,background
Background,background
Background,background
Background,background
Background,background
Background,background
Background,background
Background,background
Background,background
Background,background
Background,background
Background,background
Background,background
Background,background
Background,background
Background,background
Background,background
Background,background
Background,background
Background,background
Background,background
Background,background
Background,background
Background,background
Background,background
Background,background
Background,background
Background,background
Background,background
Background,background
Background,background
Background,background
Background,background
Background,background
Background,background
Background,background
Background,background
Background,background
Background,background
Background,background
Background,background
Background,background
Background,background
Background,background
Background,background
Background,background
Background,background
Background,background
Background,background
Background,background
Background,background
Background,background
Background,background
Background,background
Background,background
Background,background
Background,background
Background,background
Background,background
Background,background
Background,background
Background,background
Background,background
Background,background
Background,background
Background,background
Background,background
Background,background
Background,background
Background,background
Background,background
Background,background
Background,background
Background,background
Background,background
Background,background
Background,background
Background,background
Background,background
Background,background
Background,background
Background,background
Background,background
Background,background
Background,background
Background,background
Background,background
Background,background
Background,background
Background,background
Background,background
Background,background
Background,background
Background,background
Background,background
Background,background
Background,background
Background,background
Background,background
Background,background
Background,background
Background,background
Background,background
Background,background
Background,background
Background,background
Background,background
Background,background
Background,background
Background,background
Background,background
Background,background
Background,background
Background,background
Background,background
Background,background
Background,background
Background,background
Background,background
Background,background
Background,background
Background,background
Background,background
Background,background
Background,background
Background,background
Background,background
Background,background
Background,background
Background,background
Background,background
Background,background
Background,background
Background,background
Background,background
Background,background
Background,background
Background,background
Background,background
Background,background
Background,background
Background,background
Background,background
Background,background
Background,background
Background,background
Background,background
Background,background
Background,background
Background,background
Background,background
Background,background
Background,background
Background,background
Background,background
Background,background
Background,background
Background,background
Background,background
Background,background
Background,background
Background,background
Background,background
Background,background
Background,background
Background,background
Background,background
Background,background
Background,background
Background,background
Background,background
Background,background
Background,background
Background,background
Background,background
Background,background
Background,background
Background,background
Background,background
Background,background
Background,background
Background,background
Background,background
Background,background
Background,background
Background,background
Background,background
Background,background
Background,background
Background,background
Background,background
Background,background
Background,background
Background,background
Background,background
Background,background
Background,background
Background,background
Background,background
Background,background
Background,background
Background,background
Background,background
Background,background
Background,background
Background,background
Background,background
Background,background
Background,background
Background,background
Background,background
Background,background
Background,background
Background,background
Background,background
Background,background
Background,background
Background,background
Background,background
Background,background
Background,background
Background,background
Background,background
Background,background
Background,background
Background,background
Background,background
Background,background
Background,background
Background,background
Background,background
Background,background
Background,background
Background,background
Background,background
Background,background
Background,background
Background,background
Background,background
Background,background
Background,background
Background,background
Background,background
Background,background
Background,background
Background,background
Background,background
Background,background
Background,background
Background,background
Background,background
Background,background
Background,background
Background,background
Background,background
Background,background
Background,background
Background,background
Background,background
Background,background
Background,background
Background,background
Background,background
Background,background
Background,background
Background,background
Background,background
Background,background
Background,background
Background,background
Background,background
Background,background
Background,background
Background,background
Background,background
Background,background
Background,background
Background,background
Background,background
Background,background
Background,background
Background,background
Background,background
Background,background
Background,background
Background,background
Background,background
Background,background
Background,background
Background,background
Background,background
Background,background
Background,background
Background,background
Background,background
Background,background
Background,background
Background,background
Background,background
Background,background
Background,background
Background,background
Background,background
Background,background
Background,background
Background,background
Background,background
Background,background
Background,background
Background,background
Background,background
Background,background
Background,background
Background,background
Background,background
Background,background
Background,background
Background,background
Background,background
Background,background
Background,background
Background,background
Background,background
Background,background
Background,background
Background,background
Background,background
Background,background
Background,background
Background,background
Background,background
Background,background
Background,background
Background,background
Background,background
Background,background
Background,background
Background,background
Background,background
Background,background
Background,background
Background,background
Background,background
Background,background
Background,background
Background,background
Background,background
Background,background
Background,background
Background,background
Background,background
Background,background
Background,background
Background,background
Background,background
Background,background
Background,background
Background,background
Background,background
Background,background
Background,background
Background,background
Background,background
Background,background
Background,background
Background,background
Background,background
Background,background
Background,background
Background,background
Background,background
Background,background
Background,background
Background,background
Background,background
Background,background
Background,background
Background,background
Background,background
Background,background
Background,background
Background,background
Background,background
Background,background
Background,background
Background,background
Background,background
Background,background
Background,background
Background,background
Background,background
Background,background
Background,background
Background,background
Background,background
Background,background
Background,background
Background,background
Background,background
Background,background
Background,background
Background,background
Background,background
Background,background
Background,background
Background,background
Background,background
Background,background
Background,background
Background,background
Background,background
Background,background
Background,background
Background,background
Background,background
Background,background
Background,background
Background,background
Background,background
Background,background
Background,background
Background,background
Background,background
Background,background
Background,background
Background,background
Background,background
Background,background
Background,background
Background,background
Background,background
Background,background
Background,background
Background,background
Background,background
Background,background
Background,background
Background,background
Background,background
Background,background
Background,background
Background,background
Background,background
Background,background
Background,background
Background,background
Background,background
Background,background
Background,background
Background,background
Background,background
Background,background
Background,background
Background,background
Background,background
Background,background
Background,background
Background,background
Background,background
Background,background
Background,background
Background,background
Background,background
Background,background
Background,background
Background,background
Background,background
Background,background
Background,background
Background,background
Background,background
Background,background
Background,background
Background,background
Background,background
Background,background
Background,background
Background,background
Background,background
Background,background
Background,background
Background,background
Background,background
Background,background
Background,background
Background,background
Background,background
Background,background
Background,background
Background,background
Background,background
Background,background
Background,background
Background,background
Background,background
Background,background
Background,background
Background,background
Background,background
Background,background
Background,background
Background,background
Background,background
Background,background
Background,background
Background,background
Background,background
Background,background
Background,background
Background,background
Background,background
Background,background
Background,background
Background,background
Background,background
Background,background
Background,background
Background,background
Background,background
Background,background
Background,background
Background,background
Background,background
Background,background
Background,background
Background,background
Background,background
Background,background
Background,background
Background,background
Background,background
Background,background
Background,background
Background,background
Background,background
Background,background
Background,background
Background,background
Background,background
Background,background
Background,background
Background,background
Background,background
Background,background
Background,background
Background,background
Background,background
Background,background
Background,background
Background,background
Background,background
Background,background
Background,background
Background,background
Background,background
Background,background
Background,background
Background,background
Background,background
Background,background
Background,background
Background,background
Background,background
Background,background
Background,background
Background,background
Background,background
Background,background
Background,background
Background,background
Background,background
Background,background
Background,background
Background,background
Background,background
Background,background
Background,background
Background,background
Background,background
Background,background
Background,background
Background,background
Background,background
Background,background
Background,background
Background,background
Background,background
Background,background
Background,background
Background,background
Background,background
Background,background
Background,background
Background,background
Background,background
Background,background
Background,background
Background,background
Background,background
Background,background
Background,background
Background,background
Background,background
Background,background
Background,background
Background,background
Background,background
Background,background
Background,background
Background,background
Background,background
Background,background
Background,background
Background,background
Background,background
Background,background
Background,background
Background,background
Background,background
Background,background
Background,background
Background,background
Background,background
Background,background
Background,background
Background,background
Background,background
Background,background
Background,background
Background,background
Background,background
Background,background
Background,background
Background,background
Background,background
Background,background
Background,background
Background,background
Background,background
Background,background
Background,background
Background,background
Background,background
Background,background
Background,background
Background,background
Background,background
Background,background
Background,background
Background,background
Background,background
Background,background
Background,background
Background,background
Background,background
Background,background
Background,background
Background,background
Background,background
Background,background
Background,background
Background,background
Background,background
Background,background
Background,background
Background,background
Background,background
Background,background
Background,background
Background,background
Background,background
Background,background
Background,background
Background,background
Background,background
Background,background
Background,background
Background,background
Background,background
Background,background
Background,background
Background,background
Background,background
Background,background
Background,background
Background,background
Background,background
Background,background
Background,background
Background,background
Background,background
Background,background
Background,background
Background,background
Background,background
Background,background
Background,background
Background,background
Background,background
Background,background
Background,background
Background,background
Background,background
Background,background
Background,background
Background,background
Background,background
Background,background
Background,background
Background,background
Background,background
Background,background
Background,background
Background,background
Background,background
Background,background
Background,background
Background,background
Background,background
Background,background
Background,background
Background,background
Background,background
Background,background
Background,background
Background,background
Background,background
Background,background
Background,background
Background,background
Background,background
Background,background
Background,background
Background,background
Background,background
Background,background
Background,background
Background,background
Background,background
Background,background
Background,background
Background,background
Background,background
Background,background
Background,background
Background,background
Background,background
Background,background
Background,background
Background,background
Background,background
Background,background
Background,background
Background,background
Background,background
Background,background
Background,background
Background,background
Background,background
Background,background
Background,background
Background,background
Background,background
Background,background
Background,background
Background,background
Background,background
Background,background
Background,background
Background,background
Background,background
Background,background
Background,background
Background,background
Background,background
Background,background
Background,background
Background,background
Background,background
Background,background
Background,background
Background,background
Background,background
Background,background
Background,background
Background,background
Background,background
Background,background
Background,background
Background,background
Background,background
Background,background
Background,background
Background,background
Background,background
Background,background
Background,background
Background,background
Background,background
Background,background
Background,background
Background,background
Background,background
Background,background
Background,background
Background,background
Background,background
Background,background
Background,background
Background,background
Background,background
Background,background
Background,background
Background,background
Background,background
Background,background
Background,background
Background,background
Background,background
Background,background
Background,background
Background,background
Background,background
Background,background
Background,background
Background,background
Background,background
Background,background
Background,background
Background,background
Background,background
Background,background
Background,background
Background,background
Background,background
Background,background
Background,background
Background,background
Background,background
Background,background
Background,background
Background,background
Background,background
Background,background
Background,background
Background,background
Background,background
Background,background
Background,background
Background,background
Background,background
Background,background
Background,background
Background,background
Background,background
Background,background
Background,background
Background,background
Background,background
Background,background
Background,background
Background,background
Background,background
Background,background
Background,background
Background,background
Background,background
Background,background
Background,background
Background,background
Background,background
Background,background
Background,background
Background,background
Background,background
Background,background
Background,background
Background,background
Background,background
Background,background
Background,background
Background,background
Background,background
Background,background
Background,background
Background,background
Background,background
Background,background
Background,background
Background,background
Background,background
Background,background
Background,background
Background,background
Background,background
Background,background
Background,background
Background,background
Background,background
Background,background
Background,background
Background,background
Background,background
Background,background
Background,background
Background,background
Background,background
Background,background
Background,background
Background,background
Background,background
Background,background
Background,background
Background,background
Background,background
Background,background
Background,background
Background,background
Background,background
Background,background
Background,background
Background,background
Background,background
Background,background
Background,background
Background,background
Background,background
Background,background
Background,background
Background,background
Background,background
Background,background
Background,background
Background,background
Background,background
Background,background
Background,background
Background,background
Background,background
Background,background
Background,background
Background,background
Background,background
Background,background
Background,background
Background,background
Background,background
Background,background
Background,background
Background,background
Background,background
Background,background
Background,background
Background,background
Background,background
Background,background
Background,background
Background,background
Background,background
Background,background
Background,background
Background,background
Background,background
Background,background
Background,background
Background,background
Background,background
Background,background
Background,background
Background,background
Background,background
Background,background
Background,background
Background,background
Background,background
Background,background
Background,background
Background,background
Background,background
Background,background
Background,background
Background,background
Background,background
Background,background
Background,background
Background,background
Background,background
Background,background
Background,background
Background,background
Background,background
Background,background
Background,background
Background,background
Background,background
Background,background
Background,background
Background,background
Background,background
Background,background
Background,background
Background,background
Background,background
Background,background
Background,background
Background,background
Background,background
Background,background
Background,background
Background,background
Background,background
Background,background
Background,background
Background,background
Background,background
Background,background
Background,background
Background,background
Background,background
Background,background
Background,background
Background,background
Background,background
Background,background
Background,background
Background,background
Background,background
Background,background
Background,background
Background,background
Background,background
Background,background
Background,background
Background,background
Background,background
Background,background
Background,background
Background,background
Background,background
Background,background
Background,background
Background,background
Background,background
Background,background
Background,background
Background,background
Background,background
Background,background
Background,background
Background,background
Background,background
Background,background
Background,background
Background,background
Background,background
Background,background
Background,background
Background,background
Background,background
Background,background
Background,background
Background,background
Background,background
Background,background
Background,background
Background,background
Background,background
Background,background
Background,background
Background,background
Background,background
Background,background
Background,background
Background,background
Background,background
Background,background
Background,background
Background,background
Background,background
Background,background
Background,background
Background,background
Background,background
Background,background
Background,background
Background,background
Background,background
Background,background
Background,background
Background,background
Background,background
Background,background
Background,background
Background,background
Background,background
Background,background
Background,background
Background,background
Background,background
Background,background
Background,background
Background,background
Background,background
Background,background
Background,background
Background,background
Background,background
Background,background
Background,background
Background,background
Background,background
Background,background
Background,background
Background,background
Background,background
Background,background
Background,background
Background,background
Background,background
Background,background
Background,background
Background,background
Background,background
Background,background
Background,background
Background,background
Background,background
Background,background
Background,background
Background,background
Background,background
Background,background
Background,background
Background,background
Background,background
Background,background
Background,background
Background,background
Background,background
Background,background
Background,background
Background,background
Background,background
Background,background
Background,background
Background,background
Background,background
Background,background
Background,background
Background,background
Background,background
Background,background
Background,background
Background,background
Background,background
Background,background
Background,background
Background,background
Background,background
Background,background
Background,background
Background,background
Background,background
Background,background
Background,background
Background,background
Background,background
Background,background
Background,background
Background,background
Background,background
Background,background
Background,background
Background,background
Background,background
Background,background
Background,background
Background,background
Background,background
Background,background
Background,background
Background,background
Background,background
Background,background
Background,background
Background,background
Background,background
Background,background
Background,background
Background,background
Background,background
Background,background
Background,background
Background,background
Background,background
Background,background
Background,background
Background,background
Background,background
Background,background
Background,background
Background,background
Background,background
Background,background
Background,background
Background,background
Background,background
Background,background
Background,background
Background,background
Background,background
Background,background
Background,background
Background,background
Background,background
Background,background
Background,background
Background,background
Background,background
Background,background
Background,background
Background,background
Background,background
Background,background
Background,background
Background,background
Background,background
Background,background
Background,background
Background,background
Background,background
Background,background
Background,background
Background,background
Background,background
Background,background
Background,background
Background,background
Background,background
Background,background
Background,background
Background,background
Background,background
Background,background
Background,background
Background,background
Background,background
Background,background
Background,background
Background,background
Background,background
Background,background
Background,background
Background,background
Background,background
Background,background
Background,background
Background,background
Background,background
Background,background
Background,background
Background,background
Background,background
Background,background
Background,background
Background,background
Background,background
Background,background
Background,background
Background,background
Background,background
Background,background
Background,background
Background,background
Background,background
Background,background
Background,background
Background,background
Background,background
Background,background
Background,background
Background,background
Background,background
Background,background
Background,background
Background,background
Background,background
Background,background
Background,background
Background,background
Background,background
Background,background
Background,background
Background,background
Background,background
Background,background
Background,background
Background,background
Background,background
Background,background
Background,background
Background,background
Background,background
Background,background
Background,background
Background,background
Background,background
Background,background
Background,background
Background,background
Background,background
Background,background
Background,background
Background,background
Background,background
Background,background
Background,background
Background,background
Background,background
Background,background
Background,background
Background,background
Background,background
Background,background
Background,background
Background,background
Background,background
Background,background
Background,background
Background,background
Background,background
Background,background
Background,background
Background,background
Background,background
Background,background
Background,background
Background,background
Background,background
Background,background
Background,background
Background,background
Background,background
Background,background
Background,background
Background,background
Background,background
Background,background
Background,background
Background,background
Background,background
Background,background
Background,background
Background,background
Background,background
Background,background
Background,background
Background,background
Background,background
Background,background
Background,background
Background,background
Background,background
Background,background
Background,background
Background,background
Background,background
Background,background
Background,background
Background,background
Background,background
Background,background
Background,background
Background,background
Background,background
Background,background
Background,background
Background,background
Background,background
Background,background
Background,background
Background,background
Background,background
Background,background
Background,background
Background,background
Background,background
Background,background
Background,background
Background,background
Background,background
Background,background
Background,background
Background,background
Background,background
Background,background
Background,background
Background,background
Background,background
Background,background
Background,background
Background,background
Background,background
Background,background
Background,background
Background,background
Background,background
Background,background
Background,background
Background,background
Background,background
Background,background
Background,background
Background,background
Background,background
Background,background
Background,background
Background,background
Background,background
Background,background
Background,background
Background,background
Background,background
Background,background
Background,background
Background,background
Background,background
Background,background
Background,background
Background,background
Background,background
Background,background
Background,background
Background,background
Background,background
Background,background
Background,background
Background,background
Background,background
Background,background
Background,background
Background,background
Background,background
Background,background
Background,background
Background,background
Background,background
Background,background
Background,background
Background,background
Background,background
Background,background
Background,background
Background,background
Background,background
Background,background
Background,background
Background,background
Background,background
Background,background
Background,background
Background,background
Background,background
Background,background
Background,background
Background,background
Background,background
Background,background
Background,background
Background,background
Background,background
Background,background
Background,background
Background,background
Background,background
Background,background
Background,background
Background,background
Background,background
Background,background
Background,background
Background,background
Background,background
Background,background
Background,background
Background,background
Background,background
Background,background
Background,background
Background,background
Background,background
Background,background
Background,background
Background,background
Background,background
Background,background
Background,background
Background,background
Background,background
Background,background
Background,background
Background,background
Background,background
Background,background
Background,background
Background,background
Background,background
Background,background
Background,background
Background,background
Background,background
Background,background
Background,background
Background,background
Background,background
Background,background
Background,background
Background,background
Background,background
Background,background
Background,background
Background,background
Background,background
Background,background
Background,background
Background,background
Background,background
Background,background
Background,background
Background,background
Background,background
Background,background
Background,background
Background,background
Background,background
Background,background
Background,background
Background,background
Background,background
Background,background
Background,background
Background,background
Background,background
Background,background
Background,background
Background,background
Background,background
Background,background
Background,background
Background,background
Background,background
Background,background
Background,background
Background,background
Background,background
Background,background
Background,background
Background,background
Background,background
Background,background
Background,background
Background,background
Background,background
Background,background
Background,background
Background,background
Background,background
Background,background
Background,background
Background,background
Background,background
Background,background
Background,background
Background,background
Background,background
Background,background
Background,background
Background,background
Background,background
Background,background
Background,background
Background,background
Background,background
Background,background
Background,background
Background,background
Background,background
Background,background
Background,background
Background,background
Background,background
Background,background
Background,background
Background,background
Background,background
Background,background
Background,background
Background,background
Background,background
Background,background
Background,background
Background,background
Background,background
Background,background
Background,background
Background,background
Background,background
Background,background
Background,background
Background,background
Background,background
Background,background
Background,background
Background,background
Background,background
Background,background
Background,background
Background,background
Background,background
Background,background
Background,background
Background,background
Background,background
Background,background
Background,background
Background,background
Background,background
Background,background
Background,background
Background,background
Background,background
Background,background
Background,background
Background,background
Background,background
Background,background
Background,background
Background,background
Background,background
Background,background
Background,background
Background,background
Background,background
Background,background
Background,background
Background,background
Background,background
Background,background
Background,background
Background,background
Background,background
Background,background
Background,background
Background,background
Background,background
Background,background
Background,background
Background,background
Background,background
Background,background
Background,background
Background,background
Background,background
Background,background
Background,background
Background,background
Background,background
Background,background
Background,background
Background,background
Background,background
Background,background
Background,background
Background,background
Background,background
Background,background
Background,background
Background,background
Background,background
Background,background
Background,background
Background,background
Background,background
Background,background
Background,background
Background,background
Background,background
Background,background
Background,background
Background,background
Background,background
Background,background
Background,background
Background,background
Background,background
Background,background
Background,background
Background,background
Background,background
Background,background
Background,background
Background,background
Background,background
Background,background
Background,background
Background,background
Background,background
Background,background
Background,background
Background,background
Background,background
Background,background
Background,background
Background,background
Background,background
Background,background
Background,background
Background,background
Background,background
Background,background
Background,background
Background,background
Background,background
Background,background
Background,background
Background,background
Background,background
Background,background
Background,background
Background,background
Background,background
Background,background
Background,background
Background,background
Background,background
Background,background
Background,background
Background,background
Background,background
Background,background
Background,background
Background,background
Background,background
Background,background
Background,background
Background,background
Background,background
Background,background
Background,background
Background,background
Background,background
Background,background
Background,background
Background,background
Background,background
Background,background
Background,background
Background,background
Background,background
Background,background
Background,background
Background,background
Background,background
Background,background
Background,background
Background,background
Background,background
Background,background
Background,background
Background,background
Background,background
Background,background
Background,background
Background,background
Background,background
Background,background
Background,background
Background,background
Background,background
Background,background
Background,background
Background,background
Background,background
Background,background
Background,background
Background,background
Background,background
Background,background
Background,background
Background,background
Background,background
Background,background
Background,background
Background,background
Background,background
Background,background
Background,background
Background,background
Background,background
Background,background
Background,background
Background,background
Background,background
Background,background
Background,background
Background,background
Background,background
Background,background
Background,background
Background,background
Background,background
Background,background
Background,background
Background,background
Background,background
Background,background
Background,background
Background,background
Background,background
Background,background
Background,background
Background,background
Background,background
Background,background
Background,background
Background,background
Background,background
Background,background
Background,background
Background,background
Background,background
Background,background
Background,background
Background,background
Background,background
Background,background
Background,background
Background,background
Background,background
Background,background
Background,background
Background,background
Background,background
Background,background
Background,background
Background,background
Background,background
Background,background
Background,background
Background,background
Background,background
Background,background
Background,background
Background,background
Background,background
Background,background
Background,background
Background,background
Background,background
Background,background
Background,background
Background,background
Background,background
Background,background
Background,background
Background,background
Background,background
Background,background
Background,background
Background,background
Background,background
Background,background
Background,background
Background,background
Background,background
Background,background
Background,background
Background,background
Background,background
Background,background
Background,background
Background,background
Background,background
Background,background
Background,background
Background,background
Background,background
Background,background
Background,background
Background,background
Background,background
Background,background
Background,background
Background,background
Background,background
Background,background
Background,background
Background,background
Background,background
Background,background
Background,background
Background,background
Background,background
Background,background
Background,background
Background,background
Background,background
Background,background
Background,background
Background,background
Background,background
Background,background
Background,background
Background,background
Background,background
Background,background
Background,background
Background,background
Background,background
Background,background
Background,background
Background,background
Background,background
Background,background
Background,background
Background,background
Background,background
Background,background
Background,background
Background,background
Background,background
Background,background
Background,background
Background,background
Background,background
Background,background
Background,background
Background,background
Background,background
Background,background
Background,background
Background,background
Background,background
Background,background
Background,background
Background,background
Background,background
Background,background
Background,background
Background,background
Background,background
Background,background
Background,background
Background,background
Background,background
Background,background
Background,background
Background,background
Background,background
Background,background
Background,background
Background,background
Background,background
Background,background
Background,background
Background,background
Background,background
Background,background
Background,background
Background,background
Background,background
Background,background
Background,background
Background,background
Background,background
Background,background
Background,background
Background,background
Background,background
Background,background
Background,background
Background,background
Background,background
Background,background
Background,background
Background,background
Background,background
Background,background
Background,background
Background,background
Background,background
Background,background
Background,background
Background,background
Background,background
Background,background
Background,background
Background,background
Background,background
Background,background
Background,background
Background,background
Background,background
Background,background
Background,background
Background,background
Background,background
Background,background
Background,background
Background,background
Background,background
Background,background
Background,background
Background,background
Background,background
Background,background
Background,background
Background,background
Background,background
Background,background
Background,background
Background,background
Background,background
Background,background
Background,background
Background,background
Background,background
Background,background
Background,background
Background,background
Background,background
Background,background
Background,background
Background,background
Background,background
Background,background
Background,background
Background,background
Background,background
Background,background
Background,background
Background,background
Background,background
Background,background
Background,background
Background,background
Background,background
Background,background
Background,background
Background,background
Background,background
Background,background
Background,background
Background,background
Background,background
Background,background
Background,background
Background,background
Background,background
Background,background
Background,background
Background,background
Background,background
Background,background
Background,background
Background,background
Background,background
Background,background
Background,background
Background,background
Background,background
Background,background
Background,background
Background,background
Background,background
Background,background
Background,background
Background,background
Background,background
Background,background
Background,background
Background,background
Background,background
Background,background
Background,background
Background,background
Background,background
Background,background
Background,background
Background,background
Background,background
Background,background
Background,background
Background,background
Background,background
Background,background
Background,background
Background,background
Background,background
Background,background
Background,background
Background,background
Background,background
Background,background
Background,background
Background,background
Background,background
Background,background
Background,background
Background,background
Background,background
Background,background
Background,background
Background,background
Background,background
Background,background
Background,background
Background,background
Background,background
Background,background
Background,background
Background,background
Background,background
Background,background
Background,background
Background,background
Background,background
Background,background
Background,background
Background,background
Background,background
Background,background
Background,background
Background,background
Background,background
Background,background
Background,background
Background,background
Background,background
Background,background
Background,background
Background,background
Background,background
Background,background
Background,background
Background,background
Background,background
Background,background
Background,background
Background,background
Background,background
Background,background
Background,background
Background,background
Background,background
Background,background
Background,background
Background,background
Background,background
Background,background
Background,background
Background,background
Background,background
Background,interaction
Background,interaction
Background,interaction
Background,interaction
Background,interaction
Background,interaction
Background,interaction
Background,interaction
Background,interaction
Background,interaction
Background,interaction
Background,interaction
Background,interaction
Background,interaction
Background,interaction
Background,interaction
Background,interaction
Background,interaction
Background,interaction
interaction,interaction
interaction,interaction
interaction,interaction
interaction,interaction
interaction,interaction
interaction,interaction
interaction,interaction
interaction,interaction
interaction,interaction
interaction,interaction
interaction,interaction
interaction,interaction
interaction,interaction
interaction,interaction
interaction,interaction
interaction,interaction
interaction,interaction
interaction,interaction
interaction,interaction
interaction,interaction
interaction,interaction
interaction,interaction
interaction,interaction
interaction,interaction
interaction,interaction
interaction,interaction
interaction,interaction
interaction,interaction
interaction,interaction
interaction,interaction
interaction,interaction
interaction,interaction
interaction,interaction
interaction,interaction
interaction,interaction
interaction,interaction
interaction,interaction
interaction,interaction
interaction,interaction
interaction,interaction
interaction,interaction
interaction,interaction
interaction,interaction
interaction,interaction
interaction,interaction
interaction,interaction
interaction,interaction
interaction,interaction
interaction,interaction
interaction,interaction
interaction,interaction
interaction,interaction
interaction,interaction
interaction,interaction
interaction,interaction
interaction,interaction
interaction,interaction
interaction,interaction
interaction,interaction
interaction,interaction
interaction,interaction
interaction,interaction
interaction,interaction
interaction,interaction
interaction,interaction
interaction,interaction
interaction,interaction
interaction,interaction
interaction,interaction
interaction,interaction
interaction,interaction
interaction,interaction
interaction,interaction
interaction,interaction
interaction,interaction
interaction,interaction
interaction,interaction
interaction,interaction
interaction,interaction
interaction,interaction
interaction,interaction
interaction,interaction
interaction,interaction
interaction,interaction
interaction,interaction
interaction,interaction
interaction,interaction
interaction,interaction
interaction,interaction
interaction,interaction
interaction,interaction
interaction,interaction
interaction,interaction
interaction,interaction
interaction,interaction
interaction,interaction
interaction,interaction
interaction,interaction
interaction,interaction
interaction,interaction
interaction,interaction
interaction,interaction
interaction,interaction
interaction,interaction
interaction,interaction
interaction,interaction
interaction,interaction
interaction,interaction
interaction,interaction
interaction,interaction
interaction,interaction
interaction,interaction
interaction,interaction
interaction,interaction
interaction,interaction
interaction,interaction
interaction,interaction
interaction,interaction
interaction,interaction
interaction,interaction
interaction,interaction
interaction,interaction
interaction,interaction
interaction,interaction
interaction,interaction
interaction,interaction
interaction,interaction
interaction,interaction
interaction,interaction
interaction,interaction
interaction,interaction
interaction,interaction
interaction,interaction
interaction,interaction
interaction,interaction
interaction,interaction
interaction,interaction
interaction,interaction
interaction,interaction
interaction,interaction
interaction,interaction
interaction,interaction
interaction,interaction
interaction,interaction
interaction,interaction
interaction,interaction
interaction,interaction
interaction,interaction
interaction,interaction
interaction,interaction
interaction,interaction
interaction,interaction
interaction,interaction
interaction,interaction
interaction,interaction
interaction,interaction
interaction,interaction
interaction,interaction
interaction,interaction
interaction,interaction
interaction,interaction
interaction,interaction
interaction,interaction
interaction,interaction
interaction,interaction
interaction,interaction
interaction,interaction
interaction,interaction
interaction,interaction
interaction,interaction
interaction,interaction
interaction,interaction
interaction,interaction
interaction,interaction
interaction,interaction
interaction,interaction
interaction,interaction
interaction,interaction
interaction,interaction
interaction,interaction
interaction,interaction
interaction,interaction
interaction,interaction
interaction,interaction
interaction,interaction
interaction,interaction
interaction,interaction
interaction,interaction
interaction,interaction
interaction,interaction
interaction,interaction
interaction,interaction
interaction,interaction
interaction,interaction
interaction,interaction
interaction,interaction
interaction,interaction
interaction,interaction
interaction,interaction
interaction,interaction
interaction,interaction
interaction,interaction
interaction,interaction
interaction,interaction
interaction,interaction
interaction,interaction
interaction,interaction
interaction,interaction
interaction,interaction
interaction,interaction
interaction,interaction
interaction,interaction
interaction,interaction
interaction,interaction
interaction,interaction
interaction,interaction
interaction,interaction
interaction,interaction
interaction,interaction
interaction,interaction
interaction,interaction
interaction,interaction
interaction,interaction
interaction,interaction
interaction,interaction
interaction,interaction
interaction,interaction
interaction,interaction
interaction,interaction
interaction,interaction
interaction,interaction
interaction,interaction
interaction,interaction
interaction,interaction
interaction,interaction
interaction,interaction
interaction,interaction
interaction,interaction
interaction,interaction
interaction,interaction
interaction,interaction
interaction,interaction
interaction,interaction
interaction,interaction
interaction,interaction
interaction,interaction
interaction,interaction
interaction,interaction
interaction,interaction
interaction,interaction
interaction,interaction
interaction,interaction
interaction,interaction
interaction,interaction
interaction,interaction
interaction,interaction
interaction,interaction
interaction,interaction
interaction,interaction
interaction,interaction
interaction,interaction
interaction,interaction
interaction,interaction
interaction,interaction
interaction,interaction
interaction,interaction
interaction,interaction
interaction,interaction
interaction,interaction
interaction,interaction
interaction,interaction
interaction,interaction
interaction,interaction
interaction,interaction
interaction,interaction
interaction,interaction
interaction,interaction
interaction,interaction
interaction,interaction
interaction,interaction
interaction,interaction
interaction,interaction
interaction,interaction
interaction,interaction
interaction,interaction
interaction,interaction
interaction,interaction
interaction,interaction
interaction,interaction
interaction,interaction
interaction,interaction
interaction,interaction
interaction,interaction
interaction,interaction
interaction,interaction
interaction,interaction
interaction,interaction
interaction,interaction
interaction,interaction
interaction,interaction
interaction,interaction
interaction,interaction
interaction,interaction
interaction,interaction
interaction,interaction
interaction,interaction
interaction,interaction
interaction,interaction
interaction,interaction
interaction,interaction
interaction,interaction
interaction,interaction
interaction,interaction
interaction,interaction
interaction,interaction
interaction,interaction
interaction,interaction
interaction,interaction
interaction,interaction
interaction,interaction
interaction,interaction
interaction,interaction
interaction,interaction
interaction,interaction
interaction,interaction
interaction,interaction
interaction,interaction
interaction,interaction
interaction,interaction
interaction,interaction
interaction,interaction
interaction,interaction
interaction,interaction
interaction,interaction
interaction,interaction
interaction,interaction
interaction,interaction
interaction,interaction
interaction,interaction
interaction,interaction
interaction,interaction
interaction,interaction
interaction,interaction
interaction,interaction
interaction,interaction
interaction,interaction
interaction,interaction
interaction,interaction
interaction,interaction
interaction,interaction
interaction,interaction
interaction,interaction
interaction,interaction
interaction,interaction
interaction,interaction
interaction,interaction
interaction,interaction
interaction,interaction
interaction,interaction
interaction,interaction
interaction,interaction
interaction,interaction
interaction,interaction
interaction,interaction
interaction,interaction
interaction,interaction
interaction,interaction
interaction,interaction
interaction,interaction
interaction,interaction
interaction,interaction
interaction,interaction
interaction,interaction
interaction,interaction
interaction,interaction
interaction,interaction
interaction,interaction
interaction,interaction
interaction,interaction
interaction,interaction
interaction,interaction
interaction,interaction
interaction,interaction
interaction,interaction
interaction,interaction
interaction,interaction
interaction,interaction
interaction,interaction
interaction,interaction
interaction,interaction
interaction,interaction
interaction,interaction
interaction,interaction
interaction,interaction
interaction,interaction
interaction,interaction
interaction,interaction
interaction,interaction
interaction,interaction
interaction,interaction
interaction,interaction
interaction,interaction
interaction,interaction
interaction,interaction
interaction,interaction
interaction,interaction
interaction,interaction
interaction,interaction
interaction,interaction
interaction,interaction
interaction,interaction
interaction,interaction
interaction,interaction
interaction,interaction
interaction,interaction
interaction,interaction
interaction,interaction
interaction,interaction
interaction,interaction
interaction,interaction
interaction,interaction
interaction,interaction
interaction,interaction
interaction,interaction
interaction,interaction
interaction,interaction
interaction,interaction
interaction,interaction
interaction,interaction
interaction,interaction
interaction,interaction
interaction,interaction
interaction,interaction
interaction,interaction
interaction,interaction
interaction,interaction
interaction,interaction
interaction,interaction
interaction,interaction
interaction,interaction
interaction,interaction
interaction,interaction
interaction,interaction
interaction,interaction
interaction,interaction
interaction,interaction
interaction,interaction
interaction,interaction
interaction,interaction
interaction,interaction
interaction,interaction
interaction,interaction
interaction,interaction
interaction,interaction
interaction,interaction
interaction,interaction
interaction,interaction
interaction,interaction
interaction,interaction
interaction,interaction
interaction,interaction
interaction,interaction
interaction,interaction
interaction,interaction
interaction,interaction
interaction,interaction
interaction,interaction
interaction,interaction
interaction,interaction
interaction,interaction
interaction,interaction
interaction,interaction
interaction,interaction
interaction,interaction
interaction,interaction
interaction,interaction
interaction,interaction
interaction,interaction
interaction,interaction
interaction,interaction
interaction,interaction
interaction,interaction
interaction,interaction
interaction,interaction
interaction,interaction
interaction,interaction
interaction,interaction
interaction,interaction
interaction,interaction
interaction,interaction
interaction,interaction
interaction,interaction
interaction,interaction
interaction,interaction
interaction,interaction
interaction,interaction
interaction,interaction
interaction,interaction
interaction,interaction
interaction,interaction
interaction,interaction
interaction,interaction
interaction,interaction
interaction,interaction
interaction,interaction
interaction,interaction
interaction,interaction
interaction,interaction
interaction,interaction
interaction,interaction
interaction,interaction
interaction,interaction
interaction,interaction
interaction,interaction
interaction,interaction
interaction,interaction
interaction,interaction
interaction,interaction
interaction,interaction
interaction,interaction
interaction,interaction
interaction,interaction
interaction,interaction
interaction,interaction
interaction,interaction
interaction,interaction
interaction,interaction
interaction,interaction
interaction,interaction
interaction,interaction
interaction,interaction
interaction,interaction
interaction,interaction
interaction,interaction
interaction,interaction
interaction,interaction
interaction,interaction
interaction,interaction
interaction,interaction
interaction,interaction
interaction,interaction
interaction,interaction
interaction,interaction
interaction,interaction
interaction,interaction
interaction,interaction
interaction,interaction
interaction,interaction
interaction,interaction
interaction,interaction
interaction,interaction
interaction,interaction
interaction,interaction
interaction,interaction
interaction,interaction
interaction,interaction
interaction,interaction
interaction,interaction
interaction,interaction
interaction,interaction
interaction,interaction
interaction,interaction
interaction,interaction
interaction,interaction
interaction,interaction
interaction,interaction
interaction,interaction
interaction,interaction
interaction,interaction
interaction,interaction
interaction,interaction
interaction,interaction
interaction,interaction
interaction,interaction
interaction,interaction
interaction,interaction
interaction,interaction
interaction,interaction
interaction,interaction
interaction,interaction
interaction,interaction
interaction,interaction
interaction,interaction
interaction,interaction
interaction,interaction
interaction,interaction
interaction,interaction
interaction,interaction
interaction,interaction
interaction,interaction
interaction,interaction
interaction,interaction
interaction,interaction
interaction,interaction
interaction,interaction
interaction,interaction
interaction,interaction
interaction,interaction
interaction,interaction
interaction,interaction
interaction,interaction
interaction,interaction
interaction,interaction
interaction,interaction
interaction,interaction
interaction,interaction
interaction,interaction
interaction,interaction
interaction,interaction
interaction,interaction
interaction,interaction
interaction,interaction
interaction,interaction
interaction,interaction
interaction,interaction
interaction,interaction
interaction,interaction
interaction,interaction
interaction,interaction
interaction,interaction
interaction,interaction
interaction,interaction
interaction,interaction
interaction,interaction
interaction,interaction
interaction,interaction
interaction,interaction
interaction,interaction
interaction,interaction
interaction,interaction
interaction,interaction
interaction,interaction
interaction,interaction
interaction,interaction
interaction,interaction
interaction,interaction
interaction,interaction
interaction,interaction
interaction,interaction
interaction,interaction
interaction,interaction
interaction,interaction
interaction,interaction
interaction,interaction
interaction,interaction
interaction,interaction
interaction,interaction
interaction,interaction
interaction,interaction
interaction,interaction
interaction,interaction
interaction,interaction
interaction,interaction
interaction,interaction
interaction,interaction
interaction,interaction
interaction,interaction
interaction,interaction
interaction,interaction
interaction,interaction
interaction,interaction
interaction,interaction
interaction,interaction
interaction,interaction
interaction,interaction
interaction,interaction
interaction,interaction
interaction,interaction
interaction,interaction
interaction,interaction
interaction,interaction
interaction,interaction
interaction,interaction
interaction,interaction
interaction,interaction
interaction,interaction
interaction,interaction
interaction,interaction
interaction,interaction
interaction,interaction
interaction,interaction
interaction,interaction
interaction,interaction
interaction,interaction
interaction,interaction
interaction,interaction
interaction,interaction
interaction,interaction
interaction,interaction
interaction,interaction
interaction,interaction
interaction,interaction
Background,interaction
Background,interaction
Background,interaction
Background,interaction
Background,interaction
Background,interaction
Background,interaction
Background,interaction
Background,interaction
Background,interaction
Background,interaction
Background,interaction
Background,interaction
Background,interaction
Background,interaction
Background,interaction
Background,interaction
Background,interaction
Background,interaction
Background,interaction
Background,interaction
Background,interaction
Background,interaction
Background,interaction
Background,interaction
Background,interaction
Background,interaction
Background,interaction
Background,interaction
Background,interaction
Background,interaction
Background,interaction
Background,interaction
Background,interaction
Background,interaction
Background,interaction
Background,interaction
Background,interaction
Background,interaction
Background,interaction
Background,interaction
Background,interaction
Background,interaction
Background,interaction
Background,interaction
Background,interaction
Background,interaction
Background,interaction
interaction,interaction
interaction,interaction
interaction,interaction
interaction,interaction
interaction,interaction
interaction,interaction
interaction,interaction
interaction,interaction
interaction,interaction
interaction,interaction
interaction,interaction
interaction,interaction
interaction,interaction
interaction,interaction
interaction,interaction
interaction,interaction
interaction,interaction
interaction,interaction
interaction,interaction
interaction,interaction
interaction,interaction
interaction,interaction
interaction,interaction
interaction,interaction
interaction,interaction
interaction,interaction
interaction,interaction
interaction,interaction
interaction,interaction
interaction,interaction
interaction,interaction
interaction,interaction
interaction,interaction
interaction,interaction
interaction,interaction
interaction,interaction
interaction,interaction
interaction,interaction
interaction,interaction
interaction,interaction
interaction,interaction
interaction,interaction
interaction,interaction
interaction,interaction
interaction,interaction
interaction,interaction
interaction,interaction
interaction,interaction
interaction,interaction
interaction,interaction
interaction,interaction
interaction,interaction
interaction,interaction
interaction,interaction
interaction,interaction
interaction,interaction
interaction,interaction
interaction,interaction
interaction,interaction
interaction,interaction
interaction,interaction
interaction,interaction
interaction,interaction
interaction,interaction
interaction,interaction
interaction,interaction
interaction,interaction
interaction,interaction
interaction,interaction
interaction,interaction
interaction,interaction
interaction,interaction
interaction,interaction
interaction,interaction
interaction,interaction
interaction,interaction
interaction,interaction
interaction,interaction
interaction,interaction
interaction,interaction
interaction,interaction
interaction,interaction
interaction,interaction
interaction,interaction
interaction,interaction
interaction,interaction
interaction,interaction
interaction,interaction
interaction,interaction
interaction,interaction
interaction,interaction
interaction,interaction
interaction,interaction
interaction,interaction
interaction,interaction
interaction,interaction
interaction,interaction
interaction,interaction
interaction,interaction
interaction,interaction
interaction,interaction
interaction,interaction
interaction,interaction
interaction,interaction
interaction,interaction
interaction,interaction
interaction,interaction
interaction,interaction
interaction,interaction
interaction,interaction
interaction,interaction
interaction,interaction
interaction,interaction
interaction,interaction
interaction,interaction
interaction,interaction
interaction,interaction
interaction,interaction
interaction,interaction
interaction,interaction
interaction,interaction
interaction,interaction
interaction,interaction
interaction,interaction
interaction,interaction
interaction,interaction
interaction,interaction
interaction,interaction
interaction,interaction
interaction,interaction
interaction,interaction
interaction,interaction
interaction,interaction
interaction,interaction
interaction,interaction
interaction,interaction
interaction,interaction
interaction,interaction
interaction,interaction
interaction,interaction
interaction,interaction
interaction,interaction
interaction,interaction
interaction,interaction
interaction,interaction
interaction,interaction
interaction,interaction
interaction,interaction
interaction,interaction
interaction,interaction
interaction,interaction
interaction,interaction
interaction,interaction
interaction,interaction
interaction,interaction
interaction,interaction
interaction,interaction
interaction,interaction
interaction,interaction
interaction,interaction
interaction,interaction
interaction,interaction
interaction,interaction
interaction,interaction
interaction,interaction
interaction,interaction
interaction,interaction
interaction,interaction
interaction,interaction
interaction,interaction
interaction,interaction
interaction,interaction
interaction,interaction
interaction,interaction
interaction,interaction
interaction,interaction
interaction,interaction
interaction,interaction
interaction,interaction
interaction,interaction
interaction,interaction
interaction,interaction
interaction,interaction
interaction,interaction
interaction,interaction
interaction,interaction
interaction,interaction
interaction,interaction
interaction,interaction
interaction,interaction
interaction,interaction
interaction,interaction
interaction,interaction
interaction,interaction
interaction,interaction
interaction,interaction
interaction,interaction
interaction,interaction
interaction,interaction
interaction,interaction
interaction,interaction
interaction,interaction
interaction,interaction
interaction,interaction
interaction,interaction
interaction,interaction
interaction,interaction
interaction,interaction
interaction,interaction
interaction,interaction
interaction,interaction
interaction,interaction
interaction,interaction
interaction,interaction
interaction,interaction
interaction,interaction
interaction,interaction
interaction,interaction
interaction,interaction
interaction,interaction
interaction,interaction
interaction,interaction
interaction,interaction
interaction,interaction
interaction,interaction
interaction,interaction
interaction,interaction
interaction,interaction
interaction,interaction
interaction,interaction
interaction,interaction
interaction,interaction
interaction,interaction
interaction,interaction
interaction,interaction
interaction,interaction
interaction,interaction
interaction,interaction
interaction,interaction
interaction,interaction
interaction,interaction
interaction,interaction
interaction,interaction
interaction,interaction
interaction,interaction
interaction,interaction
interaction,interaction
interaction,interaction
interaction,interaction
interaction,interaction
interaction,interaction
interaction,interaction
interaction,interaction
interaction,interaction
interaction,interaction
interaction,interaction
interaction,interaction
interaction,interaction
interaction,interaction
interaction,interaction
interaction,interaction
interaction,interaction
interaction,interaction
interaction,interaction
interaction,interaction
interaction,interaction
interaction,interaction
interaction,interaction
interaction,interaction
interaction,interaction
interaction,interaction
interaction,interaction
interaction,interaction
interaction,interaction
interaction,interaction
interaction,interaction
interaction,interaction
interaction,interaction
interaction,interaction
interaction,interaction
interaction,interaction
interaction,interaction
interaction,interaction
interaction,interaction
interaction,interaction
interaction,interaction
interaction,interaction
interaction,interaction
interaction,interaction
interaction,interaction
interaction,interaction
interaction,interaction
interaction,interaction
interaction,interaction
interaction,interaction
interaction,interaction
interaction,interaction
interaction,interaction
interaction,interaction
interaction,interaction
interaction,interaction
interaction,interaction
interaction,interaction
interaction,interaction
interaction,interaction
interaction,interaction
interaction,interaction
interaction,interaction
interaction,interaction
interaction,interaction
interaction,interaction
interaction,interaction
interaction,interaction
interaction,interaction
interaction,interaction
interaction,interaction
interaction,interaction
interaction,interaction
interaction,interaction
interaction,interaction
interaction,interaction
interaction,interaction
interaction,interaction
interaction,interaction
interaction,interaction
interaction,interaction
interaction,interaction
interaction,interaction
interaction,interaction
interaction,interaction
interaction,interaction
interaction,interaction
interaction,interaction
interaction,interaction
interaction,interaction
interaction,interaction
interaction,interaction
interaction,interaction
interaction,interaction
interaction,interaction
interaction,interaction
interaction,interaction
interaction,interaction
interaction,interaction
interaction,interaction
interaction,interaction
interaction,interaction
interaction,interaction
interaction,interaction
interaction,interaction
interaction,interaction
Background,interaction
Background,interaction
Background,interaction
Background,interaction
Background,interaction
Background,interaction
Background,interaction
Background,interaction
Background,interaction
Background,interaction
Background,interaction
Background,interaction
Background,interaction
Background,interaction
Background,interaction
Background,interaction
Background,interaction
Background,interaction
Background,interaction
Background,interaction
Background,interaction
Background,interaction
Background,interaction
Background,interaction
Background,interaction
Background,interaction
Background,interaction
Background,interaction
Background,interaction
Background,interaction
Background,interaction
Background,interaction
Background,interaction
Background,interaction
Background,interaction
Background,interaction
Background,interaction
Background,interaction
Background,interaction
Background,interaction
Background,background
Background,background
Background,background
Background,background
Background,background
Background,background
Background,background
Background,background
Background,background
Background,background
Background,background
Background,background
Background,background
Background,background
Background,background
Background,background
Background,background
Background,background
Background,background
Background,background
Background,background
Background,background
Background,background
Background,background
Background,background
Background,background
Background,background
Background,background
Background,background
Background,background
Background,background
Background,background
Background,background
Background,background
Background,background
Background,background
Background,background
Background,background
Background,background
Background,background
Background,background
Background,background
Background,background
Background,background
Background,background
Background,background
Background,background
Background,background
Background,background
Background,background
Background,background
Background,background
Background,background
Background,background
Background,background
Background,background
Background,background
Background,background
Background,background
Background,background
Background,background
Background,background
Background,background
Background,background
Background,background
Background,background
Background,background
Background,background
Background,background
Background,background
Background,background
Background,background
Background,background
Background,background
Background,background
Background,background
Background,background
Background,background
Background,background
Background,background
Background,background
Background,background
Background,background
Background,background
Background,background
Background,background
Background,background
Background,background
Background,background
Background,background
Background,background
Background,background
Background,background
Background,background
Background,background
Background,background
Background,background
Background,background
Background,background
Background,background
Background,background
Background,background
Background,background
Background,background
Background,background
Background,background
Background,background
Background,background
Background,background
Background,background
Background,background
Background,background
Background,background
Background,background
Background,background
Background,background
Background,background
Background,background
Background,background
Background,background
Background,background
Background,background
Background,background
Background,background
Background,background
Background,background
Background,background
Background,background
Background,background
Background,background
Background,background
Background,background
Background,background
Background,background
Background,background
Background,background
Background,background
Background,background
Background,background
Background,background
Background,background
Background,background
Background,background
Background,background
Background,background
Background,background
Background,background
Background,background
Background,background
Background,background
Background,background
Background,background
Background,background
Background,background
Background,background
Background,background
Background,background
Background,background
Background,background
Background,background
Background,background
Background,background
Background,background
Background,background
Background,background
Background,background
Background,background
Background,background
Background,background
Background,background
Background,background
Background,background
Background,background
Background,background
Background,background
Background,background
Background,background
Background,background
Background,background
Background,background
Background,background
Background,background
Background,background
Background,background
Background,background
Background,background
Background,background
Background,background
Background,background
Background,background
Background,background
Background,background
Background,background
Background,background
Background,background
Background,background
Background,background
Background,background
Background,background
Background,background
Background,background
Background,background
Background,background
Background,interaction
Background,interaction
Background,interaction
Background,interaction
Background,interaction
Background,interaction
Background,interaction
Background,interaction
Background,interaction
Background,interaction
Background,interaction
Background,interaction
Background,interaction
Background,interaction
Background,interaction
Background,interaction
Background,interaction
Background,interaction
Background,interaction
Background,interaction
Background,interaction
Background,interaction
Background,interaction
Background,interaction
Background,interaction
Background,interaction
Background,interaction
Background,interaction
Background,interaction
Background,interaction
Background,interaction
Background,interaction
Background,interaction
Background,interaction
Background,interaction
Background,interaction
Background,interaction
Background,interaction
Background,interaction
interaction,interaction
interaction,interaction
interaction,interaction
interaction,interaction
interaction,interaction
interaction,interaction
interaction,interaction
interaction,interaction
interaction,interaction
interaction,interaction
interaction,interaction
interaction,interaction
interaction,interaction
interaction,interaction
interaction,interaction
interaction,interaction
interaction,interaction
interaction,interaction
interaction,interaction
interaction,interaction
interaction,interaction
interaction,interaction
interaction,interaction
interaction,interaction
interaction,interaction
interaction,interaction
interaction,interaction
interaction,interaction
interaction,interaction
interaction,interaction
interaction,interaction
interaction,interaction
interaction,interaction
interaction,interaction
interaction,interaction
interaction,interaction
interaction,interaction
interaction,interaction
interaction,interaction
interaction,interaction
interaction,interaction
interaction,interaction
interaction,interaction
interaction,interaction
interaction,interaction
interaction,interaction
interaction,interaction
interaction,interaction
interaction,interaction
interaction,interaction
interaction,interaction
interaction,interaction
interaction,interaction
interaction,interaction
interaction,interaction
interaction,interaction
interaction,interaction
interaction,interaction
interaction,interaction
interaction,interaction
interaction,interaction
interaction,interaction
interaction,interaction
interaction,interaction
interaction,interaction
interaction,interaction
interaction,interaction
interaction,interaction
interaction,interaction
interaction,interaction
interaction,interaction
interaction,interaction
interaction,interaction
interaction,interaction
interaction,interaction
interaction,interaction
interaction,interaction
interaction,interaction
interaction,interaction
interaction,interaction
interaction,interaction
interaction,interaction
interaction,interaction
interaction,interaction
interaction,interaction
interaction,interaction
interaction,interaction
interaction,interaction
interaction,interaction
interaction,interaction
interaction,interaction
interaction,interaction
interaction,interaction
interaction,interaction
interaction,interaction
interaction,interaction
interaction,interaction
interaction,interaction
interaction,interaction
interaction,interaction
interaction,interaction
interaction,interaction
interaction,interaction
interaction,interaction
interaction,interaction
interaction,interaction
interaction,interaction
interaction,interaction
interaction,interaction
interaction,interaction
interaction,interaction
interaction,interaction
interaction,interaction
interaction,interaction
interaction,interaction
interaction,interaction
interaction,interaction
interaction,interaction
interaction,interaction
interaction,interaction
interaction,interaction
interaction,interaction
interaction,interaction
interaction,interaction
interaction,interaction
interaction,interaction
interaction,interaction
interaction,interaction
interaction,interaction
interaction,interaction
interaction,interaction
interaction,interaction
interaction,interaction
interaction,interaction
interaction,interaction
interaction,interaction
interaction,interaction
interaction,interaction
interaction,interaction
interaction,interaction
interaction,interaction
interaction,interaction
interaction,interaction
interaction,interaction
interaction,interaction
interaction,interaction
interaction,interaction
interaction,interaction
interaction,interaction
interaction,interaction
interaction,interaction
interaction,interaction
interaction,interaction
interaction,interaction
interaction,interaction
interaction,interaction
interaction,interaction
interaction,interaction
interaction,interaction
interaction,interaction
interaction,interaction
interaction,interaction
interaction,interaction
interaction,interaction
interaction,interaction
interaction,interaction
interaction,interaction
interaction,interaction
interaction,interaction
interaction,interaction
interaction,interaction
interaction,interaction
interaction,interaction
interaction,interaction
interaction,interaction
interaction,interaction
interaction,interaction
interaction,interaction
interaction,interaction
interaction,interaction
interaction,interaction
interaction,interaction
interaction,interaction
interaction,interaction
interaction,interaction
interaction,interaction
interaction,interaction
interaction,interaction
interaction,interaction
interaction,interaction
interaction,interaction
interaction,interaction
interaction,interaction
interaction,interaction
interaction,interaction
interaction,interaction
interaction,interaction
interaction,interaction
interaction,interaction
interaction,interaction
interaction,interaction
interaction,interaction
interaction,interaction
interaction,interaction
interaction,interaction
interaction,interaction
interaction,interaction
interaction,interaction
interaction,interaction
interaction,interaction
interaction,interaction
interaction,interaction
interaction,interaction
interaction,interaction
interaction,interaction
interaction,interaction
interaction,interaction
interaction,interaction
interaction,interaction
interaction,interaction
interaction,interaction
interaction,interaction
interaction,interaction
interaction,interaction
interaction,interaction
interaction,interaction
interaction,interaction
interaction,interaction
interaction,interaction
interaction,interaction
interaction,interaction
interaction,interaction
interaction,interaction
interaction,interaction
interaction,interaction
interaction,interaction
interaction,interaction
interaction,interaction
interaction,interaction
interaction,interaction
interaction,interaction
interaction,interaction
interaction,interaction
interaction,interaction
interaction,interaction
interaction,interaction
interaction,interaction
interaction,interaction
interaction,interaction
interaction,interaction
interaction,interaction
interaction,interaction
interaction,interaction
interaction,interaction
interaction,interaction
interaction,interaction
interaction,background
interaction,background
interaction,background
interaction,background
interaction,background
interaction,background
interaction,background
interaction,background
interaction,background
interaction,background
interaction,background
Background,background
Background,background
Background,background
Background,background
Background,background
Background,background
Background,background
Background,background
Background,background
Background,background
Background,background
Background,background
Background,background
Background,background
Background,background
Background,background
Background,background
Background,background
Background,background
Background,background
Background,background
Background,background
Background,background
Background,background
Background,background
Background,background
Background,background
Background,background
Background,background
Background,background
Background,background
Background,background
Background,background
Background,background
Background,background
Background,background
Background,background
Background,background
Background,background
Background,background
Background,background
Background,background
Background,background
Background,background
Background,background
Background,background
Background,background
Background,background
Background,background
Background,background
Background,background
Background,background
Background,background
Background,background
Background,background
Background,background
Background,background
Background,background
Background,background
Background,background
Background,background
Background,background
Background,background
Background,background
Background,background
Background,background
Background,background
Background,background
Background,background
Background,background
Background,background
Background,background
Background,background
Background,background
Background,background
Background,background
Background,background
Background,background
Background,background
Background,background
Background,background
Background,background
Background,background
Background,background
Background,background
Background,background
Background,background
Background,background
Background,background
Background,background
Background,background
Background,background
Background,background
Background,background
Background,background
Background,background
Background,background
Background,background
Background,background
Background,background
Background,background
Background,background
Background,background
Background,background
Background,background
Background,background
Background,background
Background,background
Background,background
Background,background
Background,background
Background,background
Background,background
Background,background
Background,background
Background,background
Background,background
Background,background
Background,background
Background,background
Background,background
Background,background
Background,background
Background,background
Background,background
Background,background
Background,background
Background,background
Background,background
Background,background
Background,background
Background,background
Background,background
Background,background
Background,background
Background,background
Background,background
Background,background
Background,background
Background,background
Background,background
Background,background
Background,background
Background,background
Background,background
Background,background
Background,background
Background,background
Background,background
Background,background
Background,background
Background,background
Background,background
Background,background
Background,background
Background,background
Background,background
Background,background
Background,background
Background,background
Background,background
Background,background
Background,background
Background,background
Background,background
Background,background
Background,background
Background,background
Background,background
Background,background
Background,background
Background,background
Background,background
Background,background
Background,background
Background,background
Background,background
Background,background
Background,background
Background,background
Background,background
Background,background
Background,background
Background,background
Background,background
Background,background
Background,background
Background,background
Background,background
Background,background
Background,background
Background,background
Background,background
Background,background
Background,background
Background,background
Background,background
Background,background
Background,background
Background,background
Background,background
Background,background
Background,background
Background,background
Background,background
Background,background
Background,background
Background,background
Background,background
Background,background
Background,background
Background,background
Background,background
Background,background
Background,background
Background,background
Background,background
Background,background
Background,background
Background,background
Background,background
Background,background
Background,background
Background,background
Background,background
Background,background
Background,background
Background,background
Background,background
Background,background
Background,background
Background,background
Background,background
Background,background
Background,background
Background,background
Background,background
Background,background
Background,background
Background,background
Background,background
Background,background
Background,background
Background,background
Background,background
Background,background
Background,background
Background,background
Background,background
Background,background
Background,background
Background,background
Background,background
Background,background
Background,background
Background,background
Background,background
Background,background
Background,background
Background,background
Background,background
Background,background
Background,background
Background,background
Background,background
Background,background
Background,background
Background,background
Background,background
Background,background
Background,background
Background,background
Background,background
Background,background
Background,background
Background,background
Background,background
Background,background
Background,background
Background,background
Background,background
Background,background
Background,background
Background,background
Background,background
Background,background
Background,background
Background,background
Background,background
Background,background
Background,background
Background,background
Background,background
Background,background
Background,background
Background,background
Background,background
Background,background
Background,background
Background,background
Background,background
Background,background
Background,background
Background,background
Background,background
Background,background
Background,background
Background,background
Background,background
Background,background
Background,background
Background,background
Background,background
Background,background
Background,background
Background,background
Background,background
Background,background
Background,background
Background,background
Background,background
Background,background
Background,background
Background,background
Background,background
Background,background
Background,background
Background,background
Background,background
Background,background
Background,background
Background,background
Background,background
Background,background
Background,background
Background,background
Background,background
Background,background
Background,background
Background,background
Background,background
Background,background
Background,background
Background,background
Background,background
Background,background
Background,background
Background,background
Background,background
Background,background
Background,background
Background,background
Background,background
Background,background
Background,background
Background,background
Background,background
Background,background
Background,background
Background,background
Background,background
Background,background
Background,background
Background,background
Background,background
Background,background
Background,background
Background,background
Background,background
Background,background
Background,background
Background,background
Background,background
Background,background
Background,background
Background,background
Background,background
Background,background
Background,background
Background,background
Background,background
Background,background
Background,background
Background,background
Background,background
Background,background
Background,background
Background,background
Background,background
Background,background
Background,background
Background,background
Background,background
Background,background
Background,background
Background,background
Background,background
Background,background
Background,background
Background,background
Background,background
Background,background
Background,background
Background,background
Background,background
Background,background
Background,background
Background,background
Background,background
Background,background
Background,background
Background,background
Background,background
Background,background
Background,background
Background,background
Background,background
Background,background
Background,background
Background,background
Background,background
Background,background
Background,background
Background,background
Background,background
Background,background
Background,background
Background,background
Background,background
Background,background
Background,background
Background,background
Background,background
Background,background
Background,background
Background,background
Background,background
Background,background
Background,background
Background,background
Background,background
Background,background
Background,background
Background,background
Background,background
Background,background
Background,background
Background,background
Background,background
Background,background
Background,background
Background,background
Background,background
Background,background
Background,background
Background,background
Background,background
Background,background
Background,background
Background,background
Background,background
Background,background
Background,background
Background,background
Background,background
Background,background
Background,background
Background,background
Background,background
Background,background
Background,background
Background,background
Background,background
Background,background
Background,background
Background,background
Background,background
Background,background
Background,background
Background,background
Background,background
Background,background
Background,background
Background,background
Background,background
Background,background
Background,background
Background,background
Background,background
Background,background
Background,background
Background,background
Background,background
Background,background
Background,background
Background,background
Background,background
Background,background
Background,background
Background,background
Background,background
Background,background
Background,background
Background,background
Background,background
Background,background
Background,background
Background,background
Background,background
Background,background
Background,background
Background,background
Background,background
Background,background
Background,background
Background,background
Background,background
Background,background
Background,background
Background,background
Background,background
Background,background
Background,background
Background,background
Background,background
Background,background
Background,background
Background,background
Background,background
Background,background
Background,background
Background,background
Background,background
Background,background
Background,background
Background,background
Background,background
Background,background
Background,background
Background,background
Background,background
Background,background
Background,background
Background,background
Background,background
Background,background
Background,background
Background,background
Background,background
Background,background
Background,background
Background,background
Background,background
Background,background
Background,background
Background,background
Background,background
Background,background
Background,background
Background,background
Background,background
Background,background
Background,background
Background,background
Background,background
Background,background
Background,background
Background,background
Background,background
Background,background
Background,background
Background,background
Background,background
Background,background
Background,background
Background,background
Background,background
Background,background
Background,background
Background,background
Background,background
Background,background
Background,background
Background,background
Background,background
Background,background
Background,background
Background,background
Background,background
Background,background
Background,background
Background,background
Background,background
Background,background
Background,background
Background,background
Background,background
Background,background
Background,background
Background,background
Background,background
Background,background
Background,background
Background,background
Background,background
Background,background
Background,background
Background,background
Background,background
Background,background
Background,background
Background,background
Background,background
Background,background
Background,background
Background,background
Background,background
Background,background
Background,background
Background,background
Background,background
Background,background
Background,background
Background,background
Background,background
Background,background
Background,background
Background,background
Background,background
Background,background
Background,background
Background,background
Background,background
Background,background
Background,background
Background,background
Background,background
Background,background
Background,background
Background,background
Background,background
Background,background
Background,background
Background,background
Background,background
Background,background
Background,background
Background,background
Background,background
Background,background
Background,background
Background,background
Background,background
Background,background
Background,background
Background,background
Background,background
Background,background
Background,background
Background,background
Background,background
Background,background
Background,background
Background,background
Background,background
Background,background
Background,background
Background,background
Background,background
Background,background
Background,background
Background,background
Background,background
Background,background
Background,background
Background,background
Background,background
Background,background
Background,background
Background,background
Background,background
Background,background
Background,background
Background,background
Background,background
Background,background
Background,background
Background,background
Background,background
Background,background
Background,background
Background,background
Background,background
Background,background
Background,background
Background,background
Background,background
Background,background
Background,background
Background,background
Background,background
Background,background
Background,background
Background,background
Background,background
Background,background
Background,background
Background,background
Background,background
Background,background
Background,background
Background,background
Background,background
Background,background
Background,background
Background,background
Background,background
Background,background
Background,background
Background,background
Background,background
Background,background
Background,background
Background,background
Background,background
Background,background
Background,background
Background,background
Background,background
Background,background
Background,background
Background,background
Background,background
Background,background
Background,background
Background,background
Background,background
Background,background
Background,background
Background,background
Background,background
Background,background
Background,background
Background,background
Background,background
Background,background
Background,background
Background,background
Background,background
Background,background
Background,background
Background,background
Background,background
Background,background
Background,background
Background,background
Background,background
Background,background
Background,background
Background,background
Background,background
Background,background
Background,background
Background,background
Background,background
Background,background
Background,background
Background,background
Background,background
Background,background
Background,background
Background,background
Background,background
Background,background
Background,background
Background,background
Background,background
Background,background
Background,background
Background,background
Background,background
Background,background
Background,background
Background,background
Background,background
Background,background
Background,background
Background,background
Background,background
Background,background
Background,background
Background,background
Background,background
Background,background
Background,background
Background,background
Background,background
Background,background
Background,background
Background,background
Background,background
Background,background
Background,background
Background,background
Background,background
Background,background
Background,background
Background,background
Background,background
Background,background
Background,background
Background,background
Background,background
Background,background
Background,background
Background,background
Background,background
Background,background
Background,background
Background,background
Background,background
Background,background
Background,background
Background,background
Background,background
Background,background
Background,background
Background,background
Background,background
Background,background
Background,background
Background,background
Background,background
Background,background
Background,background
Background,background
Background,background
Background,background
Background,background
Background,background
Background,background
Background,background
Background,background
Background,background
Background,background
Background,background
Background,background
Background,background
Background,background
Background,background
Background,background
Background,background
Background,background
Background,background
Background,background
Background,background
Background,background
Background,background
Background,background
Background,background
Background,background
Background,background
Background,background
Background,background
Background,background
Background,background
Background,background
Background,background
Background,background
Background,background
Background,background
Background,background
Background,background
Background,background
Background,background
Background,background
Background,background
Background,background
Background,background
Background,background
Background,background
Background,background
Background,background
Background,background
Background,background
Background,background
Background,background
Background,background
Background,background
Background,background
Background,background
Background,background
Background,background
Background,background
Background,background
Background,background
Background,background
Background,background
Background,background
Background,background
Background,background
Background,background
Background,background
Background,background
Background,background
Background,background
Background,background
Background,background
Background,background
Background,background
Background,background
Background,background
Background,background
Background,background
Background,background
Background,background
Background,background
Background,background
Background,background
Background,background
Background,background
Background,background
Background,background
Background,background
Background,background
Background,background
Background,background
Background,background
Background,background
Background,background
Background,background
Background,background
Background,background
Background,background
Background,background
Background,background
Background,background
Background,background
Background,background
Background,background
Background,background
Background,background
Background,background
Background,background
Background,background
Background,background
Background,background
Background,background
Background,background
Background,background
Background,background
Background,background
Background,background
Background,background
Background,background
Background,background
Background,background
Background,background
Background,background
Background,background
Background,background
Background,background
Background,background
Background,background
Background,background
Background,background
Background,background
Background,background
Background,background
Background,background
Background,background
Background,background
Background,background
Background,background
Background,background
Background,background
Background,background
Background,background
Background,background
Background,background
Background,background
Background,background
Background,background
Background,background
Background,background
Background,background
Background,background
Background,background
Background,background
Background,background
Background,background
Background,background
Background,background
Background,background
Background,background
Background,background
Background,background
Background,background
Background,background
Background,background
Background,background
Background,background
Background,background
Background,background
Background,background
Background,background
Background,background
Background,background
Background,background
Background,background
Background,background
Background,background
Background,background
Background,background
Background,background
Background,background
Background,background
Background,background
Background,background
Background,background
Background,background
Background,background
Background,background
Background,background
Background,background
Background,background
Background,background
Background,background
Background,background
Background,background
Background,background
Background,background
Background,background
Background,background
Background,background
Background,background
Background,background
Background,background
Background,background
Background,background
Background,background
Background,background
Background,background
Background,background
Background,background
Background,background
Background,background
Background,background
Background,background
Background,background
Background,background
Background,background
Background,background
Background,background
Background,background
Background,background
Background,background
Background,background
Background,background
Background,background
Background,background
Background,background
Background,background
Background,background
Background,background
Background,background
Background,background
Background,background
Background,background
Background,background
Background,background
Background,background
Background,background
Background,background
Background,background
Background,background
Background,background
Background,background
Background,background
Background,background
Background,background
Background,background
Background,background
Background,background
Background,background
Background,background
Background,background
Background,background
Background,background
Background,background
Background,background
Background,background
Background,background
Background,background
Background,background
Background,background
Background,background
Background,background
Background,background
Background,background
Background,background
Background,background
Background,background
Background,background
Background,background
Background,background
Background,background
Background,background
Background,background
Background,background
Background,background
Background,background
Background,background
Background,background
Background,background
Background,background
Background,background
Background,background
Background,background
Background,background
Background,background
Background,background
Background,background
Background,background
Background,background
Background,background
Background,background
Background,background
Background,background
Background,background
Background,background
Background,background
Background,background
Background,background
Background,background
Background,background
Background,background
Background,background
Background,background
Background,background
Background,background
Background,background
Background,background
Background,background
Background,background
Background,background
Background,background
Background,background
Background,background
Background,background
Background,background
Background,background
Background,background
Background,interaction
Background,interaction
Background,interaction
Background,interaction
Background,interaction
Background,interaction
Background,interaction
Background,interaction
Background,interaction
Background,interaction
Background,interaction
Background,interaction
Background,interaction
Background,interaction
Background,interaction
Background,interaction
Background,interaction
Background,interaction
Background,interaction
Background,interaction
Background,interaction
Background,interaction
Background,interaction
Background,interaction
Background,interaction
Background,interaction
Background,interaction
Background,interaction
Background,interaction
Background,interaction
Background,interaction
Background,interaction
Background,interaction
Background,interaction
Background,interaction
Background,interaction
Background,interaction
Background,interaction
Background,interaction
Background,interaction
Background,interaction
Background,interaction
Background,interaction
Background,interaction
Background,interaction
Background,interaction
Background,interaction
Background,interaction
Background,interaction
Background,interaction
Background,interaction
Background,interaction
Background,interaction
Background,interaction
Background,interaction
Background,interaction
Background,interaction
Background,interaction
Background,interaction
Background,interaction
Background,background
Background,background
Background,background
Background,background
Background,background
Background,background
Background,background
Background,background
Background,background
Background,background
Background,background
Background,background
Background,background
Background,background
Background,background
Background,background
Background,background
Background,background
Background,background
Background,background
Background,background
Background,background
Background,background
Background,background
Background,background
Background,background
Background,background
Background,background
Background,background
Background,background
Background,background
Background,background
Background,background
Background,background
Background,background
Background,background
Background,background
Background,background
Background,background
Background,background
Background,background
Background,background
Background,background
Background,background
Background,background
Background,background
Background,background
Background,background
Background,background
Background,background
Background,background
Background,background
Background,background
Background,background
Background,background
Background,background
Background,background
Background,background
Background,background
Background,background
Background,background
Background,background
Background,background
Background,background
Background,background
Background,background
Background,background
Background,background
Background,background
Background,background
Background,background
Background,background
Background,background
Background,background
Background,background
Background,background
Background,background
Background,background
Background,background
Background,background
Background,background
Background,background
Background,background
Background,background
Background,background
Background,background
Background,background
Background,background
Background,background
Background,background
Background,background
Background,background
Background,background
Background,background
Background,background
Background,background
Background,background
Background,background
Background,background
Background,background
Background,background
Background,background
Background,background
Background,background
Background,background
Background,background
Background,background
Background,background
Background,background
Background,background
Background,background
Background,background
Background,background
Background,background
Background,background
Background,background
Background,background
Background,background
Background,background
Background,background
Background,background
Background,background
Background,background
Background,background
Background,background
Background,background
Background,background
Background,background
Background,background
Background,background
Background,background
Background,background
Background,background
Background,background
Background,background
Background,background
interaction,background
interaction,background
interaction,background
interaction,background
interaction,background
interaction,background
interaction,background
interaction,background
interaction,background
interaction,background
interaction,background
interaction,background
interaction,background
interaction,background
interaction,background
interaction,background
interaction,background
interaction,background
interaction,background
interaction,background
interaction,background
interaction,background
interaction,interaction
interaction,interaction
interaction,interaction
interaction,interaction
interaction,interaction
interaction,interaction
interaction,interaction
interaction,interaction
interaction,interaction
interaction,interaction
interaction,interaction
interaction,interaction
interaction,interaction
interaction,interaction
interaction,interaction
interaction,interaction
interaction,interaction
interaction,interaction
interaction,interaction
interaction,interaction
interaction,interaction
interaction,interaction
interaction,interaction
interaction,interaction
interaction,interaction
interaction,interaction
interaction,interaction
interaction,interaction
interaction,interaction
interaction,interaction
interaction,interaction
interaction,interaction
interaction,interaction
interaction,interaction
interaction,interaction
interaction,interaction
interaction,interaction
interaction,interaction
interaction,interaction
interaction,interaction
interaction,interaction
interaction,interaction
interaction,interaction
interaction,interaction
interaction,interaction
interaction,interaction
interaction,interaction
interaction,interaction
interaction,interaction
interaction,interaction
interaction,interaction
interaction,interaction
interaction,interaction
interaction,interaction
interaction,interaction
interaction,interaction
interaction,interaction
interaction,interaction
interaction,interaction
interaction,interaction
interaction,interaction
interaction,interaction
interaction,interaction
interaction,interaction
interaction,interaction
interaction,interaction
interaction,interaction
interaction,interaction
interaction,interaction
interaction,interaction
interaction,interaction
interaction,interaction
interaction,interaction
interaction,interaction
interaction,interaction
interaction,interaction
interaction,interaction
interaction,interaction
interaction,interaction
interaction,interaction
interaction,interaction
interaction,interaction
interaction,interaction
interaction,interaction
interaction,interaction
interaction,interaction
interaction,interaction
interaction,interaction
interaction,interaction
interaction,interaction
interaction,interaction
interaction,interaction
interaction,interaction
interaction,interaction
interaction,interaction
interaction,interaction
interaction,interaction
interaction,interaction
interaction,interaction
interaction,interaction
interaction,interaction
interaction,interaction
interaction,interaction
interaction,interaction
interaction,interaction
interaction,interaction
interaction,interaction
interaction,interaction
interaction,interaction
interaction,interaction
interaction,interaction
interaction,interaction
interaction,interaction
interaction,interaction
interaction,interaction
interaction,interaction
interaction,interaction
interaction,interaction
interaction,interaction
interaction,interaction
interaction,interaction
interaction,interaction
interaction,interaction
interaction,interaction
interaction,interaction
interaction,interaction
interaction,interaction
interaction,interaction
interaction,interaction
interaction,interaction
interaction,interaction
interaction,interaction
interaction,interaction
interaction,interaction
interaction,interaction
interaction,interaction
interaction,interaction
interaction,interaction
interaction,interaction
interaction,interaction
interaction,interaction
interaction,interaction
interaction,interaction
interaction,interaction
interaction,interaction
interaction,interaction
interaction,interaction
interaction,interaction
interaction,interaction
interaction,interaction
interaction,interaction
interaction,interaction
interaction,interaction
interaction,interaction
interaction,interaction
interaction,interaction
interaction,interaction
interaction,interaction
interaction,interaction
interaction,interaction
interaction,interaction
interaction,interaction
interaction,interaction
interaction,interaction
interaction,interaction
interaction,interaction
interaction,interaction
interaction,interaction
interaction,interaction
interaction,interaction
interaction,interaction
interaction,interaction
interaction,interaction
interaction,interaction
interaction,interaction
interaction,interaction
interaction,interaction
interaction,interaction
Background,interaction
Background,interaction
Background,interaction
Background,interaction
Background,interaction
Background,interaction
Background,interaction
Background,interaction
Background,interaction
Background,interaction
Background,interaction
Background,interaction
Background,interaction
Background,interaction
Background,interaction
Background,interaction
Background,interaction
Background,interaction
Background,interaction
Background,interaction
Background,interaction
Background,background
Background,background
Background,background
Background,background
Background,background
Background,background
Background,background
Background,background
Background,background
Background,background
Background,background
Background,background
Background,background
Background,background
Background,background
Background,background
Background,background
Background,background
Background,background
Background,background
Background,background
Background,background
Background,background
Background,background
Background,background
Background,background
Background,background
Background,background
Background,background
Background,background
Background,background
Background,background
Background,background
Background,background
Background,background
Background,background
Background,background
Background,background
Background,background
Background,background
Background,background
Background,background
Background,background
Background,background
Background,background
Background,background
Background,background
Background,background
Background,background
Background,background
Background,background
Background,background
Background,background
Background,background
Background,background
Background,background
Background,background
Background,background
Background,background
Background,background
Background,background
Background,background
Background,background
Background,background
Background,background
Background,background
Background,background
Background,background
Background,background
Background,background
Background,background
Background,background
Background,background
Background,background
Background,background
Background,background
Background,background
Background,background
Background,background
Background,background
Background,background
Background,background
Background,background
Background,background
Background,background
Background,background
Background,background
Background,background
Background,background
Background,background
Background,background
Background,background
Background,background
Background,background
Background,background
Background,background
Background,background
Background,background
Background,background
Background,background
Background,background
Background,background
Background,background
Background,background
Background,background
Background,background
Background,background
Background,background
Background,background
Background,background
Background,background
Background,background
Background,background
Background,background
Background,background
Background,background
Background,background
Background,background
Background,background
Background,background
Background,background
Background,background
Background,background
Background,background
Background,background
Background,background
Background,background
Background,background
Background,background
Background,background
Background,background
Background,background
Background,background
Background,background
Background,background
Background,background
Background,background
Background,background
Background,background
Background,background
Background,background
Background,background
Background,background
Background,background
Background,background
Background,background
Background,background
Background,background
Background,background
Background,background
Background,background
Background,background
Background,background
Background,background
Background,background
Background,background
Background,background
Background,background
Background,background
Background,background
Background,background
Background,background
Background,background
Background,background
Background,background
Background,background
Background,background
Background,background
Background,background
Background,background
Background,background
Background,background
Background,background
Background,background
Background,background
Background,background
Background,background
Background,background
Background,background
Background,background
Background,background
Background,background
Background,background
Background,background
Background,background
Background,background
Background,background
Background,background
Background,background
Background,background
Background,background
Background,background
Background,background
Background,background
Background,background
Background,background
Background,background
Background,background
Background,background
Background,background
Background,background
Background,background
Background,background
Background,background
Background,background
Background,background
Background,background
Background,background
Background,background
Background,background
Background,background
Background,background
Background,background
Background,background
Background,background
Background,background
Background,background
Background,background
Background,background
Background,background
Background,background
Background,background
Background,background
Background,background
Background,background
Background,background
Background,background
Background,background
Background,background
Background,background
Background,background
Background,background
Background,background
Background,background
Background,background
Background,background
Background,background
Background,background
Background,background
Background,background
Background,background
Background,background
Background,background
Background,background
Background,background
Background,background
Background,background
Background,background
Background,background
Background,background
Background,background
Background,background
Background,background
Background,background
Background,background
Background,background
Background,background
Background,background
Background,background
Background,background
Background,background
Background,background
Background,background
Background,background
Background,background
Background,background
Background,background
Background,background
Background,background
Background,background
Background,background
Background,background
Background,background
Background,background
Background,background
Background,background
Background,background
Background,background
Background,background
Background,background
Background,background
Background,background
Background,background
Background,background
Background,background
Background,background
Background,background
Background,background
Background,background
Background,background
Background,background
Background,background
Background,background
Background,background
Background,background
Background,background
Background,background
Background,background
Background,background
Background,background
Background,background
Background,background
Background,background
Background,background
Background,background
Background,background
Background,background
Background,background
Background,background
Background,background
Background,background
Background,background
Background,background
Background,background
Background,background
Background,background
Background,background
Background,background
Background,background
Background,background
Background,background
Background,background
Background,background
Background,background
Background,background
Background,background
Background,background
Background,background
Background,background
Background,background
Background,background
Background,background
Background,background
Background,background
Background,background
Background,background
Background,background
Background,background
Background,background
Background,background
Background,background
Background,background
Background,background
Background,background
Background,background
Background,background
Background,background
Background,background
Background,background
Background,background
Background,background
Background,background
Background,background
Background,background
Background,background
Background,background
Background,background
Background,background
Background,background
Background,background
Background,background
Background,background
Background,background
Background,background
Background,background
Background,background
Background,background
Background,background
Background,background
Background,background
Background,background
Background,background
Background,background
Background,background
Background,background
Background,background
Background,background
Background,background
Background,background
Background,background
Background,background
Background,background
Background,background
Background,background
Background,background
Background,background
Background,background
Background,background
Background,background
Background,background
Background,background
Background,background
Background,background
Background,background
Background,background
Background,background
Background,background
Background,background
Background,background
Background,background
Background,background
Background,background
Background,background
Background,background
Background,background
Background,background
Background,background
Background,background
Background,background
Background,background
Background,background
Background,background
Background,background
Background,background
Background,background
Background,background
Background,background
Background,background
Background,background
Background,background
Background,background
Background,background
Background,background
Background,background
Background,background
Background,background
Background,background
Background,background
Background,background
Background,background
Background,background
Background,background
Background,background
Background,background
Background,background
Background,background
Background,background
Background,background
Background,background
Background,background
Background,background
Background,background
Background,background
Background,background
Background,background
Background,background
Background,background
Background,background
Background,background
Background,background
Background,background
Background,background
Background,background
Background,background
Background,background
Background,background
Background,background
Background,background
Background,background
Background,background
Background,background
Background,background
Background,background
Background,background
Background,background
Background,background
Background,background
Background,background
Background,background
Background,background
Background,background
Background,background
Background,background
Background,background
Background,background
Background,background
Background,background
Background,background
Background,background
Background,background
Background,background
Background,background
Background,background
Background,background
Background,background
Background,background
Background,background
Background,background
Background,background
Background,background
Background,background
Background,background
Background,background
Background,background
Background,background
Background,background
Background,background
Background,background
Background,background
Background,background
Background,background
Background,background
Background,background
Background,background
Background,background
Background,background
Background,background
Background,background
Background,background
Background,background
Background,background
Background,background
Background,background
Background,background
Background,background
Background,background
Background,background
Background,background
Background,background
Background,background
Background,background
Background,background
Background,background
Background,background
Background,background
Background,background
Background,background
Background,background
Background,background
Background,background
Background,background
Background,background
Background,background
Background,background
Background,background
Background,background
Background,background
Background,background
Background,background
Background,background
Background,background
Background,background
Background,background
Background,background
Background,background
Background,background
Background,background
Background,background
Background,background
Background,background
Background,background
Background,background
Background,background
Background,background
Background,background
Background,background
Background,background
Background,background
Background,background
Background,background
Background,background
Background,background
Background,background
Background,background
Background,background
Background,background
Background,background
Background,background
Background,background
Background,background
Background,background
Background,background
Background,background
Background,background
Background,background
Background,background
Background,background
Background,background
Background,background
Background,background
Background,background
Background,background
Background,background
Background,background
Background,background
Background,background
Background,background
Background,background
Background,background
Background,background
Background,background
Background,background
Background,background
Background,background
Background,background
Background,background
Background,background
Background,background
Background,background
Background,background
Background,background
Background,background
Background,background
Background,background
Background,background
Background,background
Background,background
Background,background
Background,background
Background,background
Background,background
Background,background
Background,background
Background,background
Background,background
Background,background
Background,background
Background,background
Background,background
Background,background
Background,background
Background,background
Background,background
Background,background
Background,background
Background,background
Background,background
Background,background
Background,background
Background,background
Background,background
Background,background
Background,background
Background,background
Background,background
Background,background
Background,background
Background,background
Background,background
Background,background
Background,background
Background,background
Background,background
Background,background
Background,background
Background,background
Background,background
Background,background
Background,background
Background,background
Background,background
Background,background
Background,background
Background,background
Background,background
Background,background
Background,background
Background,background
Background,background
Background,background
Background,background
Background,background
Background,background
Background,background
Background,background
Background,background
Background,background
Background,background
Background,background
Background,background
Background,background
Background,background
Background,background
Background,background
Background,background
Background,background
Background,background
Background,background
Background,background
Background,background
Background,background
Background,background
Background,background
Background,background
Background,background
Background,background
Background,background
Background,background
Background,background
Background,background
Background,background
Background,background
Background,background
Background,background
Background,background
Background,background
Background,background
Background,background
Background,background
Background,background
Background,background
Background,background
Background,background
Background,background
Background,background
Background,background
Background,background
Background,background
Background,background
Background,background
Background,background
Background,background
Background,background
Background,background
Background,background
Background,background
Background,background
Background,background
Background,background
Background,background
Background,background
Background,background
Background,background
Background,background
Background,background
Background,background
Background,background
Background,background
Background,background
Background,background
Background,background
Background,background
Background,background
Background,background
Background,background
Background,background
Background,background
Background,background
Background,background
Background,background
Background,background
Background,background
Background,background
Background,background
Background,background
Background,background
Background,background
Background,background
Background,background
Background,background
Background,background
Background,background
Background,background
Background,background
Background,background
Background,background
Background,background
Background,background
Background,background
Background,background
Background,background
Background,background
Background,background
Background,background
Background,background
Background,background
Background,background
Background,background
Background,background
Background,background
Background,background
Background,background
Background,background
Background,background
Background,background
Background,background
Background,background
Background,background
Background,background
Background,background
Background,background
Background,background
Background,background
Background,background
Background,background
Background,background
Background,background
Background,background
Background,background
Background,background
Background,background
Background,background
Background,background
Background,background
Background,background
Background,background
Background,background
Background,background
Background,background
Background,background
Background,background
Background,background
Background,background
Background,background
Background,background
Background,background
Background,background
Background,background
Background,background
Background,background
Background,background
Background,background
Background,background
Background,background
Background,background
Background,background
Background,background
Background,background
Background,background
Background,background
Background,background
Background,background
Background,background
Background,background
Background,background
Background,background
Background,background
Background,background
Background,background
Background,background
Background,background
Background,background
Background,background
Background,background
Background,background
Background,background
Background,background
Background,background
Background,background
Background,background
Background,background
Background,background
Background,background
Background,background
Background,background
Background,background
Background,background
Background,background
Background,background
Background,background
Background,background
Background,background
Background,background
Background,background
Background,background
Background,background
Background,background
Background,background
Background,background
Background,background
Background,background
Background,background
Background,background
Background,background
Background,background
Background,background
Background,background
Background,background
Background,background
Background,background
Background,background
Background,background
Background,background
Background,background
Background,background
Background,background
Background,background
Background,background
Background,background
Background,background
Background,background
Background,background
Background,background
Background,background
Background,background
Background,background
Background,background
Background,background
Background,background
Background,background
Background,background
Background,background
Background,background
Background,background
Background,background
Background,background
Background,background
Background,background
Background,background
Background,background
Background,background
Background,background
Background,background
Background,background
Background,background
Background,background
Background,background
Background,background
Background,background
Background,background
Background,background
Background,background
Background,background
Background,background
Background,background
Background,background
Background,background
Background,background
Background,background
Background,background
Background,background
Background,background
Background,background
Background,background
Background,background
Background,background
Background,background
Background,background
Background,background
Background,background
Background,background
Background,background
Background,background
Background,background
Background,background
Background,background
Background,background
Background,background
Background,background
Background,background
Background,background
Background,background
Background,background
Background,background
Background,background
Background,background
Background,background
Background,background
Background,background
Background,background
Background,background
Background,background
Background,background
Background,background
Background,background
Background,background
Background,background
Background,background
Background,background
Background,background
Background,background
Background,background
Background,background
Background,background
Background,background
Background,background
Background,background
Background,background
Background,background
Background,background
Background,background
Background,background
Background,background
Background,background
Background,background
Background,background
Background,background
Background,background
Background,background
Background,background
Background,background
Background,background
Background,background
Background,background
Background,background
Background,background
Background,background
Background,background
Background,background
Background,background
Background,background
Background,background
Background,background
Background,background
Background,background
Background,background
Background,background
Background,background
Background,background
Background,background
Background,background
Background,background
Background,background
Background,background
Background,background
Background,background
Background,background
Background,background
Background,background
Background,background
Background,background
Background,background
Background,background
Background,background
Background,background
Background,background
Background,background
Background,background
Background,background
Background,background
Background,background
Background,background
Background,background
Background,background
Background,background
Background,background
Background,background
Background,background
Background,background
Background,background
Background,background
Background,background
Background,background
Background,background
Background,background
Background,background
Background,background
Background,background
Background,background
Background,background
Background,background
Background,background
Background,background
Background,background
Background,background
Background,background
Background,background
Background,background
Background,background
Background,background
Background,background
Background,background
Background,background
Background,background
Background,background
Background,background
Background,background
Background,background
Background,background
Background,background
Background,background
Background,background
Background,background
Background,background
Background,background
Background,background
Background,background
Background,background
Background,background
Background,background
Background,background
Background,background
Background,background
Background,background
Background,background
Background,background
Background,background
Background,background
Background,background
Background,background
Background,background
Background,background
Background,background
Background,background
Background,background
Background,background
Background,background
Background,background
Background,background
Background,background
Background,background
Background,background
Background,background
Background,background
Background,background
Background,background
Background,background
Background,background
Background,background
Background,background
Background,background
Background,background
Background,background
Background,background
Background,background
Background,background
Background,background
Background,background
Background,background
Background,background
Background,background
Background,background
Background,background
Background,background
Background,background
Background,background
Background,background
Background,background
Background,background
Background,background
Background,background
Background,background
Background,background
Background,background
Background,background
Background,background
Background,background
Background,background
Background,background
Background,background
Background,background
Background,background
Background,background
Background,background
Background,background
Background,background
Background,background
Background,background
Background,background
Background,background
Background,background
Background,background
Background,background
Background,background
Background,background
Background,background
Background,background
Background,background
Background,background
Background,background
Background,background
Background,background
Background,background
Background,background
Background,background
Background,background
Background,background
Background,background
Background,background
Background,background
Background,background
Background,background
Background,background
Background,background
Background,background
Background,background
Background,background
Background,background
Background,background
Background,background
Background,background
Background,background
Background,background
Background,background
Background,background
Background,background
Background,background
Background,background
Background,background
Background,background
Background,background
Background,background
Background,background
Background,background
Background,background
Background,background
Background,background
Background,background
Background,background
Background,background
Background,background
Background,background
Background,background
Background,background
Background,background
Background,background
Background,background
Background,background
Background,background
Background,background
Background,background
Background,background
Background,background
Background,background
Background,background
Background,background
Background,background
Background,background
Background,background
Background,background
Background,background
Background,background
Background,background
Background,background
Background,background
Background,background
Background,background
Background,background
Background,background
Background,background
Background,background
Background,background
Background,background
Background,background
Background,background
Background,background
Background,background
Background,background
Background,background
Background,background
Background,background
Background,background
Background,background
Background,background
Background,background
Background,background
Background,background
Background,background
Background,background
Background,background
Background,background
Background,background
Background,background
Background,background
Background,background
Background,background
Background,background
Background,background
Background,background
Background,background
Background,background
Background,background
Background,background
Background,background
Background,background
Background,background
Background,background
Background,background
Background,background
Background,background
Background,background
Background,background
Background,background
Background,background
Background,background
Background,background
Background,background
Background,background
Background,background
Background,background
Background,background
Background,background
Background,background
Background,background
Background,background
Background,background
Background,background
Background,background
Background,background
Background,background
Background,background
Background,background
Background,background
Background,background
Background,background
Background,background
Background,background
Background,background
Background,background
Background,background
Background,background
Background,background
Background,background
Background,background
Background,background
Background,background
Background,background
Background,background
Background,background
Background,background
Background,background
Background,background
Background,background
Background,background
Background,background
Background,background
Background,background
Background,background
Background,background
Background,background
Background,background
Background,background
Background,background
Background,background
Background,background
Background,background
Background,background
Background,background
Background,background
Background,background
Background,background
Background,background
Background,background
Background,background
Background,background
Background,background
Background,background
Background,background
Background,background
Background,background
Background,background
Background,background
Background,background
Background,background
Background,background
Background,background
Background,background
Background,background
Background,background
Background,background
Background,background
Background,background
Background,background
Background,background
Background,background
Background,background
Background,background
Background,background
Background,background
Background,background
Background,background
Background,background
Background,background
Background,background
Background,background
Background,background
Background,background
Background,background
Background,background
Background,background
Background,background
Background,background
Background,background
Background,background
Background,background
Background,background
Background,background
Background,background
Background,background
Background,background
Background,background
Background,background
Background,background
Background,background
Background,background
Background,background
Background,background
Background,background
Background,background
Background,background
Background,background
Background,background
Background,background
Background,background
Background,background
Background,background
Background,background
Background,background
Background,background
Background,background
Background,background
Background,background
Background,background
Background,background
Background,background
Background,background
Background,background
Background,background
Background,background
Background,background
Background,background
Background,background
Background,background
Background,background
Background,background
Background,background
Background,background
Background,background
Background,background
Background,background
Background,background
Background,background
Background,background
Background,background
Background,background
Background,background
Background,background
Background,background
Background,background
Background,background
Background,background
Background,background
Background,background
Background,background
Background,background
Background,background
Background,background
Background,background
Background,background
Background,background
Background,background
Background,background
Background,background
Background,background
Background,background
Background,background
Background,background
Background,background
Background,background
Background,background
Background,background
Background,background
Background,background
Background,background
Background,background
Background,background
Background,background
Background,background
Background,background
Background,background
Background,background
Background,background
Background,background
Background,background
Background,background
Background,background
Background,background
Background,background
Background,background
Background,background
Background,background
Background,background
Background,background
Background,background
Background,background
Background,background
Background,background
Background,background
Background,background
Background,background
Background,background
Background,background
Background,background
Background,background
Background,background
Background,background
Background,background
Background,background
Background,background
Background,background
Background,background
Background,background
Background,background
Background,background
Background,background
Background,background
Background,background
Background,background
Background,background
Background,background
Background,background
Background,background
Background,background
Background,background
Background,background
Background,background
Background,background
Background,background
Background,background
Background,background
Background,background
Background,background
Background,background
Background,background
Background,background
Background,background
Background,background
Background,background
Background,background
Background,background
Background,background
Background,background
Background,background
Background,background
Background,background
Background,background
Background,background
Background,background
Background,background
Background,background
Background,background
Background,background
Background,background
Background,background
Background,background
Background,background
Background,background
Background,background
Background,background
Background,background
Background,background
Background,background
Background,background
Background,background
Background,background
Background,background
Background,background
Background,background
Background,background
Background,background
Background,background
Background,background
Background,background
Background,background
Background,background
Background,background
Background,background
Background,background
Background,background
Background,background
Background,background
Background,background
Background,background
Background,background
Background,background
Background,background
Background,background
Background,background
Background,background
Background,background
Background,background
Background,background
Background,background
Background,background
Background,background
Background,background
Background,background
Background,background
Background,background
Background,background
Background,background
Background,background
Background,background
Background,background
Background,background
Background,background
Background,background
Background,background
Background,background
Background,background
Background,background
Background,background
Background,background
Background,background
Background,background
Background,background
Background,background
Background,background
Background,background
Background,background
Background,background
Background,background
Background,background
Background,background
Background,background
Background,background
Background,background
Background,background
Background,background
Background,background
Background,background
Background,background
Background,background
Background,background
Background,background
Background,background
Background,background
Background,background
Background,background
Background,background
Background,background
Background,background
Background,background
Background,background
Background,background
Background,background
Background,background
Background,background
Background,background
Background,background
Background,background
Background,background
Background,background
Background,background
Background,background
Background,background
Background,background
Background,background
Background,background
Background,background
Background,background
Background,background
Background,background
Background,background
Background,background
Background,background
Background,background
Background,background
Background,background
Background,background
Background,background
Background,background
Background,background
Background,background
Background,background
Background,background
Background,background
Background,background
Background,background
Background,background
Background,background
Background,background
Background,background
Background,background
Background,background
Background,background
Background,background
Background,background
Background,background
Background,background
Background,background
Background,background
Background,background
Background,background
Background,background
Background,background
Background,background
Background,background
Background,background
Background,background
Background,background
Background,background
Background,background
Background,background
Background,background
Background,background
Background,background
Background,background
Background,background
Background,background
Background,background
Background,background
Background,background
Background,background
Background,background
Background,background
Background,background
Background,background
Background,background
Background,background
Background,background
Background,background
Background,background
Background,background
Background,background
Background,background
Background,background
Background,background
Background,background
Background,background
Background,background
Background,background
Background,background
Background,background
Background,background
Background,background
Background,background
Background,background
Background,background
Background,background
Background,background
Background,background
Background,background
Background,background
Background,background
Background,background
Background,background
Background,background
Background,background
Background,background
Background,background
Background,background
Background,background
Background,background
Background,background
Background,background
Background,background
Background,background
Background,background
Background,background
Background,background
Background,background
Background,background
Background,background
Background,background
Background,background
Background,background
Background,background
Background,background
Background,background
Background,background
Background,background
Background,background
Background,background
Background,background
Background,background
Background,background
Background,background
Background,background
Background,background
Background,background
Background,background
Background,background
Background,background
Background,background
Background,background
Background,background
Background,background
Background,background
Background,background
Background,background
Background,background
Background,background
Background,background
Background,background
Background,background
Background,background
Background,background
Background,background
Background,background
Background,background
Background,background
Background,background
Background,background
Background,background
Background,background
Background,background
Background,background
Background,background
Background,background
Background,background
Background,background
Background,background
Background,background
Background,background
Background,background
Background,background
Background,background
Background,background
Background,background
Background,background
Background,background
Background,background
Background,background
Background,background
Background,background
Background,background
Background,background
Background,background
Background,background
Background,background
Background,background
Background,background
Background,background
Background,background
Background,background
Background,background
Background,background
Background,background
Background,background
Background,background
Background,background
Background,background
Background,background
Background,background
Background,background
Background,background
Background,background
Background,background
Background,background
Background,background
Background,background
Background,background
Background,background
Background,background
Background,background
Background,background
Background,background
Background,background
Background,background
Background,background
Background,background
Background,background
Background,background
Background,background
Background,background
Background,background
Background,background
Background,background
Background,background
Background,background
Background,background
Background,background
Background,background
Background,background
Background,background
Background,background
Background,background
Background,background
Background,background
Background,background
Background,background
Background,background
Background,background
Background,background
Background,background
Background,background
Background,background
Background,background
Background,background
Background,background
Background,background
Background,background
Background,background
Background,background
Background,background
Background,background
Background,background
Background,background
Background,background
Background,background
Background,background
Background,background
Background,background
Background,background
Background,background
Background,background
Background,background
Background,background
Background,background
Background,background
Background,background
Background,background
Background,background
Background,background
Background,background
Background,background
Background,background
Background,background
Background,background
Background,background
Background,background
Background,background
Background,background
Background,background
Background,background
Background,background
Background,background
Background,background
Background,background
Background,background
Background,background
Background,background
Background,background
Background,background
Background,background
Background,background
Background,background
Background,background
Background,background
Background,background
Background,background
Background,background
Background,background
Background,background
Background,background
Background,background
Background,background
Background,background
Background,background
Background,background
Background,background
Background,background
Background,background
Background,background
Background,background
Background,background
Background,background
Background,background
Background,background
Background,background
Background,background
Background,background
Background,background
Background,background
Background,background
Background,background
Background,background
Background,background
Background,background
Background,background
Background,background
Background,background
Background,background
Background,background
Background,background
Background,background
Background,background
Background,background
Background,background
Background,background
Background,background
Background,background
Background,background
Background,background
Background,background
Background,background
Background,background
Background,background
Background,background
Background,background
Background,background
Background,background
Background,background
Background,background
Background,background
Background,background
Background,background
Background,background
Background,background
Background,background
Background,background
Background,background
Background,background
Background,background
Background,background
Background,background
Background,background
Background,background
Background,background
Background,background
Background,background
Background,background
Background,background
Background,background
Background,background
Background,background
Background,background
Background,background
Background,background
Background,background
Background,background
Background,background
Background,background
Background,background
Background,background
Background,background
Background,background
Background,background
Background,background
Background,background
Background,background
Background,background
Background,background
Background,background
Background,background
Background,background
Background,background
Background,background
Background,background
Background,background
Background,background
Background,background
Background,background
Background,background
Background,background
Background,background
Background,background
Background,background
Background,background
Background,background
Background,background
Background,background
Background,background
Background,background
Background,background
Background,background
Background,background
Background,background
Background,background
Background,background
Background,background
Background,background
Background,background
Background,background
Background,background
Background,background
Background,background
Background,background
Background,background
Background,background
Background,background
Background,background
Background,background
Background,background
Background,background
Background,background
Background,background
Background,background
Background,background
Background,background
Background,background
Background,background
Background,background
Background,background
Background,background
Background,background
Background,background
Background,background
Background,background
Background,background
Background,background
Background,background
Background,background
Background,background
Background,background
Background,background
Background,background
Background,background
Background,background
Background,background
Background,background
Background,background
Background,background
Background,background
Background,background
Background,background
Background,background
Background,background
Background,background
Background,background
Background,background
Background,background
Background,background
Background,background
Background,background
Background,background
Background,background
Background,background
Background,background
Background,background
Background,background
Background,background
Background,background
Background,background
Background,background
Background,background
Background,background
Background,background
Background,background
Background,background
Background,background
Background,background
Background,background
Background,background
Background,background
Background,background
Background,background
Background,background
Background,background
Background,background
Background,background
Background,background
Background,background
Background,background
Background,background
Background,background
Background,background
Background,background
Background,background
Background,background
Background,background
Background,background
Background,background
Background,background
Background,background
Background,background
Background,background
Background,background
Background,background
Background,background
Background,background
Background,background
Background,background
Background,background
Background,background
Background,background
Background,background
Background,background
Background,background
Background,background
Background,background
Background,background
Background,background
Background,background
Background,background
Background,background
Background,background
Background,background
Background,background
Background,background
Background,background
Background,background
Background,background
Background,background
Background,background
Background,background
Background,background
Background,background
Background,background
Background,background
Background,background
Background,background
Background,background
Background,background
Background,background
Background,background
Background,background
Background,background
Background,background
Background,background
Background,background
Background,background
Background,background
Background,background
Background,background
Background,background
Background,background
Background,background
Background,background
Background,background
Background,background
Background,background
Background,background
Background,background
Background,background
Background,background
Background,background
Background,background
Background,background
Background,background
Background,background
Background,background
Background,background
Background,background
Background,background
Background,background
Background,background
Background,background
Background,background
Background,background
Background,background
Background,background
Background,background
Background,background
Background,background
Background,background
Background,background
Background,background
Background,background
Background,background
Background,background
Background,background
Background,background
Background,background
Background,background
Background,background
Background,background
Background,background
Background,background
Background,background
Background,background
Background,background
Background,background
Background,background
Background,background
Background,background
Background,background
Background,background
Background,background
Background,background
Background,background
Background,background
Background,background
Background,background
Background,background
Background,background
Background,background
Background,background
Background,background
Background,background
Background,background
Background,background
Background,background
Background,background
Background,background
Background,background
Background,background
Background,background
Background,background
Background,background
Background,background
Background,background
Background,background
Background,background
Background,background
Background,background
Background,background
Background,background
Background,background
Background,background
Background,background
Background,background
Background,background
Background,background
Background,background
Background,background
Background,background
Background,background
Background,background
Background,background
Background,background
Background,background
Background,background
Background,background
Background,background
Background,background
Background,background
Background,background
Background,background
Background,background
Background,background
Background,background
Background,background
Background,background
Background,background
Background,background
Background,background
Background,background
Background,background
Background,background
Background,background
Background,background
Background,background
Background,background
Background,background
Background,background
Background,background
Background,background
Background,background
Background,background
Background,background
Background,background
Background,background
Background,background
Background,background
Background,background
Background,background
Background,background
Background,background
Background,background
Background,background
Background,background
Background,background
Background,background
Background,background
Background,background
Background,background
Background,background
Background,background
Background,background
Background,background
Background,background
Background,background
Background,background
Background,background
Background,background
Background,background
Background,background
Background,background
Background,background
Background,background
Background,background
Background,background
Background,background
Background,background
Background,background
Background,background
Background,background
Background,background
Background,background
Background,background
Background,background
Background,background
Background,background
Background,background
Background,background
Background,background
Background,background
Background,background
Background,background
Background,background
Background,background
Background,background
Background,background
Background,background
Background,background
Background,background
Background,background
Background,background
Background,background
Background,background
Background,background
Background,background
Background,background
Background,background
Background,background
Background,background
Background,background
Background,background
Background,background
Background,background
Background,background
Background,background
Background,background
Background,background
Background,background
Background,background
Background,background
Background,background
Background,background
Background,background
Background,background
Background,background
Background,background
Background,background
Background,background
Background,background
Background,background
Background,background
Background,background
Background,background
Background,background
Background,background
Background,background
Background,background
Background,background
Background,background
Background,background
Background,background
Background,background
Background,background
Background,background
Background,background
Background,background
Background,background
Background,background
Background,background
Background,background
Background,background
Background,background
Background,background
Background,background
Background,background
Background,background
Background,background
Background,background
Background,background
Background,background
Background,background
Background,background
Background,background
Background,background
Background,background
Background,background
Background,background
Background,background
Background,background
Background,background
Background,background
Background,background
Background,background
Background,background
Background,background
Background,background
Background,background
Background,background
Background,background
Background,background
Background,background
Background,background
Background,background
Background,background
Background,background
Background,background
Background,background
Background,background
Background,background
Background,background
Background,background
Background,background
Background,background
Background,background
Background,background
Background,background
Background,background
Background,background
Background,background
Background,background
Background,background
Background,background
Background,background
Background,background
Background,background
Background,background
Background,background
Background,background
Background,background
Background,background
Background,background
Background,background
Background,background
Background,background
Background,background
Background,background
Background,background
Background,background
Background,background
Background,background
Background,background
Background,background
Background,background
Background,background
Background,background
Background,background
Background,background
Background,background
Background,background
Background,background
Background,background
Background,background
Background,background
Background,background
Background,background
Background,background
Background,background
Background,background
Background,background
Background,background
Background,background
Background,background
Background,background
Background,background
Background,background
Background,background
Background,background
Background,background
Background,background
Background,background
Background,background
Background,background
Background,background
Background,background
Background,background
Background,background
Background,background
Background,background
Background,background
Background,background
Background,background
Background,background
Background,background
Background,background
Background,background
Background,background
Background,background
Background,background
Background,background
Background,background
Background,background
Background,background
Background,background
Background,background
Background,background
Background,background
Background,background
Background,background
Background,background
Background,background
Background,background
Background,background
Background,background
Background,background
Background,background
Background,background
Background,background
Background,background
Background,background
Background,background
Background,background
Background,background
Background,background
Background,background
Background,background
Background,background
Background,background
Background,background
Background,background
Background,background
Background,background
Background,background
Background,background
Background,background
Background,background
Background,background
Background,background
Background,background
Background,background
Background,background
Background,background
Background,background
Background,background
Background,background
Background,background
Background,background
Background,background
Background,background
Background,background
Background,background
Background,background
Background,background
Background,background
Background,background
Background,background
Background,background
Background,background
Background,background
Background,background
Background,background
Background,background
Background,background
Background,background
Background,background
Background,background
Background,background
Background,background
Background,background
Background,background
Background,background
Background,background
Background,background
Background,background
Background,background
Background,background
Background,background
Background,background
Background,background
Background,background
Background,background
Background,background
Background,background
Background,background
Background,background
Background,background
Background,background
Background,background
Background,background
Background,background
Background,background
Background,background
Background,background
Background,background
Background,background
Background,background
Background,background
Background,background
Background,background
Background,background
Background,background
Background,background
Background,background
Background,background
Background,background
Background,background
Background,background
Background,background
Background,background
Background,background
Background,background
Background,background
Background,background
Background,background
Background,background
Background,background
Background,background
Background,background
Background,background
Background,background
Background,background
Background,background
Background,background
Background,background
Background,background
Background,background
Background,background
Background,background
Background,background
Background,background
Background,background
Background,background
Background,background
Background,background
Background,background
Background,background
Background,background
Background,background
Background,background
Background,background
Background,background
Background,background
Background,background
Background,background
Background,background
Background,background
Background,background
Background,background
Background,background
Background,background
Background,background
Background,background
Background,background
Background,background
Background,background
Background,background
Background,background
Background,background
Background,background
Background,background
Background,background
Background,background
Background,background
Background,background
Background,background
Background,background
Background,background
Background,background
Background,background
Background,background
Background,background
Background,background
Background,background
Background,background
Background,background
Background,background
Background,background
Background,background
Background,background
Background,background
Background,background
Background,background
Background,background
Background,background
Background,background
Background,background
Background,background
Background,background
Background,background
Background,background
Background,background
Background,background
Background,background
Background,background
Background,background
Background,background
Background,background
Background,background
Background,background
Background,background
Background,background
Background,background
Background,background
Background,background
Background,background
Background,background
Background,background
Background,background
Background,background
Background,background
Background,background
Background,background
Background,background
Background,background
Background,background
Background,background
Background,background
Background,background
Background,background
Background,background
Background,background
Background,background
Background,background
Background,background
Background,background
Background,background
Background,background
Background,background
Background,background
Background,background
Background,background
Background,background
Background,background
Background,background
Background,background
Background,background
Background,background
Background,background
Background,background
Background,background
Background,background
Background,background
Background,background
Background,background
Background,background
Background,background
Background,background
Background,background
Background,background
Background,background
Background,background
Background,background
Background,background
Background,background
Background,background
Background,background
Background,background
Background,background
Background,background
Background,background
Background,background
Background,background
Background,background
Background,background
Background,background
Background,background
Background,background
Background,background
Background,background
Background,background
Background,background
Background,background
Background,background
Background,background
Background,background
Background,background
Background,background
Background,background
Background,background
Background,background
Background,background
Background,background
Background,background
Background,background
Background,background
Background,background
Background,background
Background,background
Background,background
Background,background
Background,background
Background,background
Background,background
Background,background
Background,background
Background,background
Background,background
Background,background
Background,background
Background,background
Background,background
Background,background
Background,background
Background,background
Background,background
Background,background
Background,background
Background,background
Background,background
Background,background
Background,background
Background,background
Background,background
Background,background
Background,background
Background,background
Background,background
Background,background
Background,background
Background,background
Background,background
Background,background
Background,background
Background,background
Background,background
Background,background
Background,background
Background,background
Background,background
Background,background
Background,background
Background,background
Background,background
Background,background
Background,background
Background,background
Background,background
Background,background
Background,background
Background,background
Background,background
Background,background
Background,background
Background,background
Background,background
Background,background
Background,background
Background,background
Background,background
Background,background
Background,background
Background,background
Background,background
Background,background
Background,background
Background,background
Background,background
Background,background
Background,background
Background,background
Background,background
Background,background
Background,background
Background,background
Background,background
Background,background
Background,background
Background,background
Background,background
Background,background
Background,background
Background,background
Background,background
Background,background
Background,background
Background,background
Background,background
Background,background
Background,background
Background,background
Background,background
Background,background
Background,background
Background,background
Background,background
Background,background
Background,background
Background,background
Background,background
Background,background
Background,background
Background,background
Background,background
Background,background
Background,background
Background,background
Background,background
Background,background
Background,background
Background,background
Background,background
Background,background
Background,background
Background,background
Background,background
Background,background
Background,background
Background,background
Background,background
Background,background
Background,background
Background,background
Background,background
Background,background
Background,background
Background,background
Background,background
Background,background
Background,background
Background,background
Background,background
Background,background
Background,background
Background,background
Background,background
Background,background
Background,background
Background,background
Background,background
Background,background
Background,background
Background,background
Background,background
Background,background
Background,background
Background,background
Background,background
Background,background
Background,background
Background,background
Background,background
Background,background
Background,background
Background,background
Background,background
Background,background
Background,background
Background,background
Background,background
Background,background
Background,background
Background,background
Background,background
Background,background
Background,background
Background,background
Background,background
Background,background
Background,background
Background,background
Background,background
Background,background
Background,background
Background,background
Background,background
Background,background
Background,background
Background,background
Background,background
Background,background
Background,background
Background,background
Background,background
Background,background
Background,background
Background,background
Background,background
Background,background
Background,background
Background,background
Background,background
Background,background
Background,background
Background,background
Background,background
Background,background
Background,background
Background,background
Background,background
Background,background
Background,background
Background,background
Background,background
Background,background
Background,background
Background,background
Background,background
Background,background
Background,background
Background,background
Background,background
Background,background
Background,background
Background,background
Background,background
Background,background
Background,background
Background,background
Background,background
Background,background
Background,background
Background,background
Background,background
Background,background
Background,background
Background,background
Background,background
Background,background
Background,background
Background,background
Background,background
Background,background
Background,background
Background,background
Background,background
Background,background
Background,background
Background,background
Background,background
Background,background
Background,background
Background,background
Background,background
Background,background
Background,background
Background,background
Background,background
Background,background
Background,background
Background,background
Background,background
Background,background
Background,background
Background,background
Background,background
Background,background
Background,background
Background,background
Background,background
Background,background
Background,background
Background,background
Background,background
Background,background
Background,background
Background,background
Background,background
Background,background
Background,background
Background,background
Background,background
Background,background
Background,background
Background,background
Background,background
Background,background
Background,background
Background,background
Background,background
Background,background
Background,background
Background,background
Background,background
Background,background
Background,background
Background,background
Background,background
Background,background
Background,background
Background,background
Background,background
Background,background
Background,background
Background,background
Background,background
Background,background
Background,background
Background,background
Background,background
Background,background
Background,background
Background,background
Background,background
Background,background
Background,background
Background,background
Background,background
Background,background
Background,background
Background,background
Background,background
Background,background
Background,background
Background,background
Background,background
Background,background
Background,background
Background,background
Background,background
Background,background
Background,background
Background,background
Background,background
Background,background
Background,background
Background,background
Background,background
Background,background
Background,background
Background,background
Background,background
Background,background
Background,background
Background,background
Background,background
Background,background
Background,background
Background,background
Background,background
Background,background
Background,background
Background,background
Background,background
Background,background
Background,background
Background,background
Background,background
Background,background
Background,background
Background,background
Background,background
Background,background
Background,background
Background,background
Background,background
Background,background
Background,background
Background,background
Background,background
Background,background
Background,background
Background,background
Background,background
Background,background
Background,background
Background,background
Background,background
Background,background
Background,background
Background,background
Background,background
Background,background
Background,background
Background,background
Background,background
Background,background
Background,background
Background,background
Background,background
Background,background
Background,background
Background,background
Background,background
Background,background
Background,background
Background,background
Background,background
Background,background
Background,background
Background,background
Background,background
Background,background
Background,background
Background,background
Background,background
Background,background
Background,background
Background,background
Background,background
Background,background
Background,background
Background,background
Background,background
Background,background
Background,background
Background,background
Background,background
Background,background
Background,background
Background,background
Background,background
Background,background
Background,background
Background,background
Background,background
Background,background
Background,background
Background,background
Background,background
Background,background
Background,background
Background,background
Background,background
Background,background
Background,background
Background,background
Background,background
Background,background
Background,background
Background,background
Background,background
Background,background
Background,background
Background,background
Background,background
Background,background
Background,background
Background,background
Background,background
Background,background
Background,background
Background,background
Background,background
Background,background
Background,background
Background,background
Background,background
Background,background
Background,background
Background,background
Background,background
Background,background
Background,background
Background,background
Background,background
Background,background
Background,background
Background,background
Background,background
Background,background
Background,background
Background,background
Background,background
Background,background
Background,background
Background,background
Background,background
Background,background
Background,background
Background,background
Background,background
Background,background
Background,background
Background,background
Background,background
Background,background
Background,background
Background,background
Background,background
Background,background
Background,background
Background,background
Background,background
Background,background
Background,background
Background,background
Background,background
Background,background
Background,background
Background,background
Background,background
Background,background
Background,background
Background,background
Background,background
Background,background
Background,background
Background,background
Background,background
Background,background
Background,background
Background,background
Background,background
Background,background
Background,background
Background,background
Background,background
Background,background
Background,background
Background,background
Background,background
Background,background
Background,background
Background,background
Background,background
Background,background
Background,background
Background,background
Background,background
Background,background
Background,background
Background,background
Background,background
Background,background
Background,background
Background,background
Background,background
Background,background
Background,background
Background,background
Background,background
Background,background
Background,background
Background,background
Background,background
Background,background
Background,background
Background,background
Background,background
Background,background
Background,background
Background,background
Background,background
Background,background
Background,background
Background,background
Background,background
Background,background
Background,background
Background,background
Background,background
Background,background
Background,background
Background,background
Background,background
Background,background
Background,background
Background,background
Background,background
Background,background
Background,background
Background,background
Background,background
Background,background
Background,background
Background,background
Background,background
Background,background
Background,background
Background,background
Background,background
Background,background
Background,background
Background,background
Background,background
Background,background
Background,background
Background,background
Background,background
Background,background
Background,background
Background,background
Background,background
Background,background
Background,background
Background,background
Background,background
Background,background
Background,background
Background,background
Background,background
Background,background
Background,background
Background,background
Background,background
Background,background
Background,background
Background,background
Background,background
Background,background
Background,background
Background,background
Background,background
Background,background
Background,background
Background,background
Background,background
Background,background
Background,background
Background,background
Background,background
Background,background
Background,background
Background,background
Background,background
Background,background
Background,background
Background,background
Background,background
Background,background
Background,background
Background,background
Background,background
Background,background
Background,background
Background,background
Background,background
Background,background
Background,background
Background,background
Background,background
Background,background
Background,background
Background,background
Background,background
Background,background
Background,background
Background,background
Background,background
Background,background
Background,background
Background,background
Background,background
Background,background
Background,background
Background,background
Background,background
Background,background
Background,background
Background,background
Background,background
Background,background
Background,background
Background,background
Background,background
Background,background
Background,background
Background,background
Background,background
Background,background
Background,background
Background,background
Background,background
Background,background
Background,background
Background,background
Background,background
Background,background
Background,background
Background,background
Background,background
Background,background
Background,background
Background,background
Background,background
Background,background
Background,background
Background,background
Background,background
Background,background
Background,background
Background,background
Background,background
Background,background
Background,background
Background,background
Background,background
Background,background
Background,background
Background,background
Background,background
Background,background
Background,background
Background,background
Background,background
Background,background
Background,background
Background,background
Background,background
Background,background
Background,background
Background,background
Background,background
Background,background
Background,background
Background,background
Background,background
Background,background
Background,background
Background,background
Background,background
Background,background
Background,background
Background,background
Background,background
Background,background
Background,background
Background,background
Background,background
Background,background
Background,background
Background,background
Background,background
Background,background
Background,background
Background,background
Background,background
Background,background
Background,background
Background,background
Background,background
Background,background
Background,background
Background,background
Background,background
Background,background
Background,background
Background,background
Background,background
Background,background
Background,background
Background,background
Background,background
Background,background
Background,background
Background,background
Background,background
Background,background
Background,background
Background,background
Background,background
Background,background
Background,background
Background,background
Background,background
Background,background
Background,background
Background,background
Background,background
Background,background
Background,background
Background,background
Background,background
Background,background
Background,background
Background,background
Background,background
Background,background
Background,background
Background,background
Background,background
Background,background
Background,background
Background,background
Background,background
Background,background
Background,background
Background,background
Background,background
Background,background
Background,background
Background,background
Background,background
Background,background
Background,background
Background,background
Background,background
Background,background
Background,background
Background,background
Background,background
Background,background
Background,background
Background,background
Background,background
Background,background
Background,background
Background,background
Background,background
Background,background
Background,background
Background,background
Background,background
Background,background
Background,background
Background,background
Background,background
Background,background
Background,background
Background,background
Background,background
Background,background
Background,background
Background,background
Background,background
Background,background
Background,background
Background,background
Background,background
Background,background
Background,background
Background,background
Background,background
Background,background
Background,background
Background,background
Background,background
Background,background
Background,background
Background,background
Background,background
Background,background
Background,background
Background,background
Background,background
Background,background
Background,background
Background,background
Background,background
Background,background
Background,background
Background,background
Background,background
Background,background
Background,background
Background,background
Background,background
Background,background
Background,background
Background,background
Background,background
Background,background
Background,background
Background,background
Background,background
Background,background
Background,background
Background,background
Background,background
Background,background
Background,background
Background,background
Background,background
Background,background
Background,background
Background,background
Background,background
Background,background
Background,background
Background,background
Background,background
Background,background
Background,background
Background,background
Background,background
Background,background
Background,background
Background,background
Background,background
Background,background
Background,background
Background,background
Background,background
Background,background
Background,background
Background,background
Background,background
Background,background
Background,background
Background,background
Background,background
Background,background
Background,background
Background,background
Background,background
Background,background
Background,background
Background,background
Background,background
Background,background
Background,background
Background,background
Background,background
Background,background
Background,background
Background,background
Background,background
Background,background
Background,background
Background,background
Background,background
Background,background
Background,background
Background,background
Background,background
Background,background
Background,background
Background,background
Background,background
Background,background
Background,background
Background,background
Background,background
Background,background
Background,background
Background,background
Background,background
Background,background
Background,background
Background,background
Background,background
Background,background
Background,background
Background,background
Background,background
Background,background
Background,background
Background,background
Background,background
Background,background
Background,background
Background,background
Background,background
Background,background
Background,background
Background,background
Background,background
Background,background
Background,background
Background,background
Background,background
Background,background
Background,background
Background,background
Background,background
Background,background
interaction,background
interaction,background
interaction,background
interaction,background
interaction,background
interaction,background
interaction,background
interaction,background
interaction,background
interaction,background
interaction,background
interaction,background
interaction,background
interaction,background
interaction,background
interaction,background
interaction,background
interaction,background
interaction,background
interaction,background
interaction,background
interaction,background
interaction,background
interaction,background
interaction,background
interaction,background
interaction,background
interaction,background
interaction,background
interaction,background
interaction,background
interaction,background
interaction,background
interaction,background
interaction,background
interaction,background
interaction,background
interaction,background
interaction,background
interaction,background
interaction,background
interaction,background
interaction,background
interaction,background
interaction,background
interaction,background
interaction,background
interaction,background
interaction,background
interaction,background
interaction,background
interaction,background
interaction,background
interaction,background
interaction,background
interaction,interaction
interaction,interaction
interaction,interaction
interaction,interaction
interaction,interaction
interaction,interaction
interaction,interaction
interaction,interaction
interaction,interaction
interaction,interaction
interaction,interaction
interaction,interaction
interaction,interaction
interaction,interaction
interaction,interaction
interaction,interaction
interaction,interaction
interaction,interaction
interaction,interaction
interaction,interaction
interaction,interaction
interaction,interaction
interaction,interaction
interaction,interaction
interaction,interaction
interaction,interaction
interaction,interaction
interaction,interaction
interaction,interaction
interaction,interaction
interaction,interaction
interaction,interaction
interaction,interaction
interaction,interaction
interaction,interaction
interaction,interaction
interaction,interaction
interaction,interaction
interaction,interaction
interaction,interaction
interaction,interaction
interaction,interaction
interaction,interaction
interaction,interaction
interaction,interaction
interaction,interaction
interaction,interaction
interaction,interaction
interaction,interaction
interaction,interaction
interaction,interaction
interaction,interaction
interaction,interaction
interaction,interaction
interaction,interaction
interaction,interaction
interaction,interaction
interaction,interaction
interaction,interaction
interaction,interaction
interaction,interaction
interaction,interaction
interaction,interaction
interaction,interaction
interaction,interaction
interaction,interaction
interaction,interaction
interaction,interaction
interaction,interaction
interaction,interaction
interaction,interaction
interaction,interaction
interaction,interaction
interaction,interaction
interaction,interaction
interaction,interaction
interaction,interaction
interaction,interaction
interaction,interaction
interaction,interaction
interaction,interaction
interaction,interaction
interaction,interaction
interaction,interaction
interaction,interaction
interaction,interaction
interaction,interaction
interaction,interaction
interaction,interaction
interaction,interaction
interaction,interaction
interaction,interaction
interaction,interaction
interaction,interaction
interaction,interaction
interaction,interaction
interaction,interaction
interaction,interaction
interaction,interaction
interaction,interaction
interaction,interaction
interaction,interaction
interaction,interaction
interaction,interaction
interaction,interaction
interaction,interaction
interaction,interaction
interaction,interaction
interaction,interaction
interaction,interaction
interaction,interaction
interaction,interaction
interaction,interaction
interaction,interaction
interaction,interaction
interaction,interaction
interaction,interaction
interaction,interaction
interaction,interaction
interaction,interaction
interaction,interaction
interaction,interaction
interaction,interaction
interaction,interaction
interaction,interaction
interaction,interaction
interaction,interaction
interaction,interaction
interaction,interaction
interaction,interaction
interaction,interaction
interaction,interaction
interaction,interaction
interaction,interaction
interaction,interaction
interaction,interaction
interaction,interaction
interaction,interaction
interaction,interaction
interaction,interaction
interaction,interaction
interaction,interaction
interaction,interaction
interaction,interaction
interaction,interaction
interaction,interaction
interaction,interaction
interaction,interaction
interaction,interaction
interaction,interaction
interaction,interaction
interaction,interaction
interaction,interaction
interaction,interaction
interaction,interaction
interaction,interaction
interaction,interaction
interaction,interaction
interaction,interaction
interaction,interaction
interaction,interaction
interaction,interaction
interaction,interaction
interaction,interaction
interaction,interaction
interaction,interaction
interaction,interaction
interaction,interaction
interaction,interaction
interaction,interaction
interaction,interaction
interaction,interaction
interaction,interaction
interaction,interaction
interaction,interaction
interaction,interaction
interaction,interaction
interaction,interaction
interaction,interaction
interaction,interaction
interaction,interaction
interaction,interaction
interaction,interaction
interaction,interaction
interaction,interaction
interaction,interaction
interaction,interaction
interaction,interaction
interaction,interaction
interaction,interaction
interaction,interaction
interaction,interaction
interaction,interaction
interaction,interaction
interaction,interaction
interaction,interaction
interaction,interaction
interaction,interaction
interaction,interaction
interaction,interaction
interaction,interaction
interaction,interaction
interaction,interaction
interaction,interaction
interaction,interaction
interaction,interaction
interaction,interaction
interaction,interaction
interaction,interaction
interaction,interaction
interaction,interaction
interaction,interaction
interaction,interaction
interaction,interaction
interaction,interaction
interaction,interaction
interaction,interaction
interaction,interaction
interaction,interaction
interaction,interaction
interaction,interaction
interaction,interaction
interaction,interaction
interaction,interaction
interaction,interaction
interaction,interaction
interaction,interaction
interaction,interaction
interaction,interaction
interaction,interaction
interaction,interaction
interaction,interaction
interaction,interaction
interaction,interaction
interaction,interaction
interaction,interaction
interaction,interaction
interaction,interaction
interaction,interaction
interaction,interaction
interaction,interaction
interaction,interaction
interaction,interaction
interaction,interaction
interaction,interaction
interaction,interaction
interaction,interaction
interaction,interaction
interaction,interaction
interaction,interaction
interaction,interaction
interaction,interaction
interaction,interaction
interaction,interaction
interaction,interaction
interaction,interaction
interaction,interaction
interaction,interaction
interaction,interaction
interaction,interaction
interaction,interaction
interaction,interaction
interaction,interaction
interaction,interaction
interaction,interaction
interaction,interaction
interaction,interaction
interaction,interaction
interaction,interaction
interaction,interaction
interaction,interaction
interaction,interaction
interaction,interaction
interaction,interaction
interaction,interaction
interaction,interaction
interaction,interaction
interaction,interaction
interaction,interaction
interaction,interaction
interaction,interaction
interaction,interaction
interaction,interaction
interaction,interaction
interaction,interaction
interaction,interaction
interaction,interaction
interaction,interaction
interaction,interaction
interaction,interaction
interaction,interaction
interaction,interaction
interaction,interaction
interaction,interaction
interaction,interaction
interaction,interaction
interaction,interaction
interaction,interaction
interaction,interaction
interaction,interaction
interaction,interaction
interaction,interaction
interaction,interaction
interaction,interaction
interaction,interaction
interaction,interaction
interaction,interaction
interaction,interaction
interaction,interaction
interaction,interaction
interaction,interaction
interaction,interaction
interaction,interaction
interaction,interaction
interaction,interaction
interaction,interaction
interaction,interaction
interaction,interaction
interaction,interaction
interaction,interaction
interaction,interaction
interaction,interaction
interaction,interaction
interaction,interaction
interaction,interaction
interaction,interaction
interaction,interaction
interaction,interaction
interaction,interaction
interaction,interaction
interaction,interaction
interaction,interaction
interaction,interaction
interaction,interaction
interaction,interaction
interaction,interaction
interaction,interaction
interaction,interaction
interaction,interaction
interaction,interaction
interaction,interaction
interaction,interaction
interaction,interaction
interaction,interaction
interaction,interaction
interaction,interaction
interaction,interaction
interaction,interaction
interaction,interaction
interaction,interaction
interaction,interaction
interaction,interaction
interaction,interaction
interaction,interaction
interaction,interaction
interaction,interaction
interaction,interaction
interaction,interaction
interaction,interaction
interaction,interaction
interaction,interaction
interaction,interaction
interaction,interaction
interaction,interaction
interaction,interaction
interaction,interaction
interaction,interaction
interaction,interaction
interaction,interaction
interaction,interaction
interaction,interaction
interaction,interaction
interaction,interaction
interaction,interaction
interaction,interaction
interaction,interaction
interaction,interaction
interaction,interaction
interaction,interaction
interaction,interaction
interaction,interaction
interaction,interaction
interaction,interaction
interaction,interaction
interaction,interaction
interaction,interaction
interaction,interaction
interaction,interaction
interaction,interaction
interaction,interaction
interaction,interaction
interaction,interaction
interaction,interaction
interaction,interaction
interaction,interaction
interaction,interaction
interaction,interaction
interaction,interaction
interaction,interaction
interaction,interaction
interaction,interaction
interaction,interaction
interaction,interaction
interaction,interaction
interaction,interaction
interaction,interaction
interaction,interaction
interaction,interaction
interaction,interaction
interaction,interaction
interaction,interaction
interaction,interaction
interaction,interaction
interaction,interaction
interaction,interaction
interaction,interaction
interaction,interaction
interaction,interaction
interaction,interaction
interaction,interaction
interaction,interaction
interaction,interaction
interaction,interaction
interaction,interaction
interaction,interaction
interaction,interaction
interaction,interaction
interaction,interaction
interaction,interaction
interaction,interaction
interaction,interaction
interaction,interaction
interaction,interaction
interaction,interaction
interaction,interaction
interaction,interaction
interaction,interaction
interaction,interaction
interaction,interaction
interaction,interaction
interaction,interaction
interaction,interaction
interaction,interaction
interaction,interaction
interaction,interaction
interaction,interaction
interaction,interaction
interaction,interaction
interaction,interaction
interaction,interaction
interaction,interaction
interaction,interaction
interaction,interaction
interaction,interaction
interaction,interaction
interaction,interaction
interaction,interaction
interaction,interaction
interaction,interaction
interaction,interaction
interaction,interaction
interaction,interaction
interaction,interaction
interaction,interaction
interaction,interaction
interaction,interaction
interaction,interaction
interaction,interaction
interaction,interaction
interaction,interaction
interaction,interaction
interaction,interaction
interaction,interaction
interaction,interaction
interaction,interaction
interaction,interaction
interaction,interaction
interaction,interaction
interaction,interaction
interaction,interaction
interaction,interaction
interaction,interaction
interaction,interaction
interaction,interaction
interaction,interaction
interaction,interaction
interaction,interaction
interaction,interaction
interaction,interaction
interaction,interaction
interaction,interaction
interaction,interaction
interaction,interaction
interaction,interaction
interaction,interaction
interaction,interaction
interaction,interaction
interaction,interaction
interaction,interaction
interaction,interaction
interaction,interaction
interaction,interaction
interaction,interaction
interaction,interaction
interaction,interaction
interaction,interaction
interaction,interaction
interaction,interaction
interaction,interaction
interaction,interaction
interaction,interaction
interaction,interaction
interaction,interaction
interaction,interaction
interaction,interaction
interaction,interaction
interaction,interaction
interaction,interaction
interaction,interaction
interaction,interaction
interaction,interaction
interaction,interaction
interaction,interaction
interaction,interaction
interaction,interaction
interaction,interaction
interaction,interaction
interaction,interaction
interaction,interaction
interaction,interaction
interaction,interaction
interaction,interaction
interaction,interaction
interaction,interaction
interaction,interaction
interaction,interaction
interaction,interaction
interaction,interaction
Background,interaction
Background,interaction
Background,interaction
Background,interaction
Background,interaction
Background,interaction
Background,interaction
Background,interaction
Background,interaction
Background,interaction
Background,interaction
Background,interaction
Background,interaction
Background,background
Background,background
Background,background
Background,background
Background,background
Background,background
Background,background
Background,background
Background,background
Background,background
Background,background
Background,background
Background,background
Background,background
Background,background
Background,background
Background,background
Background,background
Background,background
Background,background
Background,background
Background,background
Background,background
Background,background
Background,background
Background,background
Background,background
Background,background
Background,background
Background,background
Background,background
Background,background
Background,background
Background,background
Background,background
Background,background
Background,background
Background,background
Background,background
Background,background
Background,background
Background,background
Background,background
Background,background
Background,background
Background,background
Background,background
Background,background
Background,background
Background,background
Background,background
Background,background
Background,background
Background,background
Background,background
Background,background
Background,background
Background,background
Background,background
Background,background
Background,background
Background,background
Background,background
Background,background
Background,background
Background,background
Background,background
Background,background
Background,background
Background,background
Background,background
Background,background
Background,background
Background,background
Background,background
Background,background
Background,background
Background,background
Background,background
Background,background
Background,background
Background,background
Background,background
Background,background
Background,background
Background,background
Background,background
Background,background
Background,background
Background,background
Background,background
Background,background
Background,background
Background,background
Background,background
Background,background
Background,background
Background,background
Background,background
Background,background
Background,background
Background,background
Background,background
Background,background
Background,background
Background,background
Background,background
Background,background
Background,background
Background,background
Background,background
Background,background
Background,background
Background,background
Background,background
Background,background
Background,background
Background,background
Background,background
Background,background
Background,background
Background,background
Background,background
Background,background
Background,background
Background,background
Background,background
Background,background
Background,background
Background,background
Background,background
Background,background
Background,background
Background,background
Background,background
Background,background
Background,background
Background,background
Background,background
Background,background
Background,background
Background,background
Background,background
Background,background
Background,background
Background,background
Background,background
Background,background
Background,background
Background,background
Background,background
Background,background
Background,background
Background,background
Background,background
Background,background
Background,background
Background,background
Background,background
Background,background
Background,background
Background,background
Background,background
Background,background
Background,background
Background,background
Background,background
Background,background
Background,background
Background,background
Background,background
Background,background
Background,background
Background,background
Background,background
Background,background
Background,background
Background,background
Background,background
Background,background
Background,background
Background,background
Background,background
Background,background
Background,background
Background,background
Background,background
Background,background
Background,background
Background,background
Background,background
Background,background
Background,background
Background,background
Background,background
Background,background
Background,background
Background,background
Background,background
Background,background
Background,background
Background,background
Background,background
Background,background
Background,background
Background,background
Background,background
Background,background
Background,background
Background,background
Background,background
Background,background
Background,background
Background,background
Background,background
Background,background
Background,background
Background,background
Background,background
Background,background
Background,background
Background,background
Background,background
Background,background
Background,background
Background,background
Background,background
Background,background
Background,background
Background,background
Background,background
Background,background
Background,background
Background,background
Background,background
Background,background
Background,background
Background,background
Background,background
Background,background
Background,background
Background,background
Background,background
Background,background
Background,background
Background,background
Background,background
Background,background
Background,background
Background,background
Background,background
Background,background
Background,background
Background,background
Background,background
Background,background
Background,background
Background,background
Background,background
Background,background
Background,background
Background,background
Background,background
Background,background
Background,background
Background,background
Background,background
Background,background
Background,background
Background,background
Background,background
Background,background
Background,background
Background,background
Background,background
Background,background
Background,background
Background,background
Background,background
Background,background
Background,background
Background,background
Background,background
Background,background
Background,background
Background,background
Background,background
Background,background
Background,background
Background,background
Background,background
Background,background
Background,background
Background,background
Background,background
Background,background
Background,background
Background,background
Background,background
Background,background
Background,background
Background,background
Background,background
Background,background
Background,background
Background,background
Background,background
Background,background
Background,background
Background,background
Background,background
Background,background
Background,background
Background,background
Background,background
Background,background
Background,background
Background,background
Background,background
Background,background
Background,background
Background,background
Background,background
Background,background
Background,background
Background,background
Background,background
Background,background
Background,background
Background,background
Background,background
Background,background
Background,background
Background,background
Background,background
Background,background
Background,background
Background,background
Background,background
Background,background
Background,background
Background,background
Background,background
Background,background
Background,background
Background,background
Background,background
Background,background
Background,background
Background,background
Background,background
Background,background
Background,background
Background,background
Background,background
Background,background
Background,background
Background,background
Background,background
Background,background
Background,background
Background,background
Background,background
Background,background
Background,background
Background,background
Background,background
Background,background
Background,background
Background,background
Background,background
Background,background
Background,background
Background,background
Background,background
Background,background
Background,background
Background,background
Background,background
Background,background
Background,background
Background,background
Background,background
Background,background
Background,background
Background,background
Background,background
Background,background
Background,background
Background,background
Background,background
Background,background
Background,background
Background,background
Background,background
Background,background
Background,background
Background,background
Background,background
Background,background
Background,background
Background,background
Background,background
Background,background
Background,background
Background,background
Background,background
Background,background
Background,background
Background,background
Background,background
Background,background
Background,background
Background,background
Background,background
Background,background
Background,background
Background,background
Background,background
Background,background
Background,background
Background,background
Background,background
Background,background
Background,background
Background,background
Background,background
Background,background
Background,background
Background,background
Background,background
Background,background
Background,background
Background,background
posing,background
posing,background
posing,background
posing,background
posing,background
posing,background
Background,background
Background,background
Background,background
Background,background
Background,background
Background,background
Background,background
Background,background
Background,background
Background,background
Background,background
Background,background
Background,background
Background,background
Background,background
Background,background
Background,background
Background,background
Background,background
Background,background
Background,background
Background,background
Background,background
Background,background
Background,background
Background,background
Background,background
Background,background
Background,background
interaction,background
interaction,background
interaction,background
interaction,background
interaction,background
interaction,background
interaction,background
interaction,background
interaction,background
interaction,background
interaction,background
interaction,background
interaction,background
interaction,background
interaction,background
interaction,background
interaction,background
interaction,background
interaction,background
interaction,background
interaction,background
interaction,background
interaction,background
interaction,background
interaction,background
interaction,background
interaction,background
interaction,background
interaction,interaction
interaction,interaction
interaction,interaction
interaction,interaction
interaction,interaction
interaction,interaction
interaction,interaction
interaction,interaction
interaction,interaction
interaction,interaction
interaction,interaction
interaction,interaction
interaction,interaction
interaction,interaction
interaction,interaction
interaction,interaction
interaction,interaction
interaction,interaction
interaction,interaction
interaction,interaction
interaction,interaction
interaction,interaction
interaction,interaction
interaction,interaction
interaction,interaction
interaction,interaction
interaction,interaction
interaction,interaction
interaction,interaction
interaction,interaction
interaction,interaction
interaction,interaction
interaction,interaction
interaction,interaction
interaction,interaction
interaction,interaction
interaction,interaction
interaction,interaction
interaction,interaction
interaction,interaction
interaction,interaction
interaction,interaction
interaction,interaction
interaction,interaction
interaction,interaction
interaction,interaction
interaction,interaction
interaction,interaction
interaction,interaction
interaction,interaction
interaction,interaction
interaction,interaction
interaction,interaction
interaction,interaction
interaction,interaction
interaction,interaction
interaction,interaction
interaction,interaction
interaction,interaction
interaction,interaction
interaction,interaction
interaction,interaction
interaction,interaction
interaction,interaction
interaction,interaction
interaction,interaction
interaction,interaction
interaction,interaction
interaction,interaction
interaction,interaction
interaction,interaction
interaction,interaction
interaction,interaction
interaction,interaction
interaction,interaction
interaction,interaction
interaction,interaction
interaction,interaction
interaction,interaction
interaction,interaction
interaction,interaction
interaction,interaction
interaction,interaction
interaction,interaction
interaction,interaction
interaction,interaction
interaction,interaction
interaction,interaction
interaction,interaction
interaction,interaction
interaction,interaction
interaction,interaction
interaction,interaction
interaction,interaction
interaction,interaction
interaction,interaction
interaction,interaction
interaction,interaction
interaction,interaction
interaction,interaction
interaction,interaction
interaction,interaction
interaction,interaction
interaction,interaction
interaction,interaction
interaction,interaction
interaction,interaction
interaction,interaction
interaction,interaction
interaction,interaction
interaction,interaction
interaction,interaction
interaction,interaction
interaction,interaction
interaction,interaction
interaction,interaction
interaction,interaction
interaction,interaction
interaction,interaction
interaction,interaction
interaction,interaction
interaction,interaction
interaction,interaction
interaction,interaction
interaction,interaction
interaction,interaction
interaction,interaction
interaction,interaction
interaction,interaction
interaction,interaction
interaction,interaction
interaction,interaction
interaction,interaction
interaction,interaction
interaction,interaction
interaction,interaction
interaction,interaction
interaction,interaction
interaction,interaction
interaction,interaction
interaction,interaction
interaction,interaction
interaction,interaction
interaction,interaction
interaction,interaction
interaction,interaction
interaction,interaction
interaction,interaction
interaction,interaction
interaction,interaction
interaction,interaction
interaction,interaction
interaction,interaction
interaction,interaction
interaction,interaction
interaction,interaction
interaction,interaction
interaction,interaction
interaction,interaction
interaction,interaction
interaction,interaction
interaction,interaction
interaction,interaction
interaction,interaction
interaction,interaction
interaction,interaction
interaction,interaction
interaction,interaction
interaction,interaction
interaction,interaction
interaction,interaction
interaction,interaction
interaction,interaction
interaction,interaction
interaction,interaction
interaction,interaction
interaction,interaction
interaction,interaction
interaction,interaction
interaction,interaction
interaction,interaction
interaction,interaction
interaction,interaction
interaction,interaction
interaction,interaction
interaction,interaction
interaction,interaction
interaction,interaction
interaction,interaction
interaction,interaction
interaction,interaction
interaction,interaction
interaction,interaction
interaction,interaction
interaction,interaction
interaction,interaction
interaction,interaction
interaction,interaction
interaction,interaction
interaction,interaction
interaction,interaction
interaction,interaction
interaction,interaction
interaction,interaction
interaction,interaction
interaction,interaction
interaction,interaction
interaction,interaction
interaction,interaction
interaction,interaction
interaction,interaction
interaction,interaction
interaction,interaction
interaction,interaction
interaction,interaction
interaction,interaction
interaction,interaction
interaction,interaction
interaction,interaction
interaction,interaction
interaction,interaction
interaction,interaction
interaction,interaction
interaction,interaction
interaction,interaction
interaction,interaction
interaction,interaction
interaction,interaction
interaction,interaction
interaction,interaction
interaction,interaction
interaction,interaction
interaction,interaction
interaction,interaction
interaction,interaction
interaction,interaction
interaction,interaction
interaction,interaction
interaction,interaction
interaction,interaction
interaction,interaction
interaction,interaction
interaction,interaction
interaction,interaction
interaction,interaction
interaction,interaction
interaction,interaction
interaction,interaction
interaction,interaction
interaction,interaction
interaction,interaction
interaction,interaction
interaction,interaction
interaction,interaction
interaction,interaction
interaction,interaction
interaction,interaction
interaction,interaction
interaction,interaction
interaction,interaction
interaction,interaction
interaction,interaction
interaction,interaction
interaction,interaction
interaction,interaction
interaction,interaction
interaction,interaction
interaction,interaction
interaction,interaction
interaction,interaction
interaction,interaction
interaction,interaction
interaction,interaction
interaction,interaction
interaction,interaction
interaction,interaction
interaction,interaction
interaction,interaction
interaction,interaction
interaction,interaction
interaction,interaction
interaction,interaction
interaction,interaction
interaction,interaction
interaction,interaction
interaction,interaction
interaction,interaction
interaction,interaction
interaction,interaction
interaction,interaction
interaction,interaction
interaction,interaction
interaction,interaction
interaction,interaction
interaction,interaction
interaction,interaction
interaction,interaction
interaction,interaction
interaction,interaction
interaction,interaction
interaction,interaction
interaction,interaction
interaction,interaction
interaction,interaction
interaction,interaction
interaction,interaction
interaction,interaction
interaction,interaction
interaction,interaction
interaction,interaction
interaction,interaction
interaction,interaction
interaction,interaction
interaction,interaction
interaction,interaction
interaction,interaction
interaction,interaction
interaction,interaction
interaction,interaction
interaction,interaction
interaction,interaction
interaction,interaction
interaction,interaction
interaction,interaction
interaction,interaction
interaction,interaction
interaction,interaction
interaction,interaction
interaction,interaction
interaction,interaction
interaction,interaction
interaction,interaction
interaction,interaction
interaction,interaction
interaction,interaction
interaction,interaction
interaction,interaction
interaction,interaction
interaction,interaction
interaction,interaction
interaction,interaction
interaction,interaction
interaction,interaction
interaction,interaction
interaction,interaction
interaction,interaction
interaction,interaction
interaction,interaction
interaction,interaction
interaction,interaction
interaction,interaction
interaction,interaction
interaction,interaction
interaction,interaction
interaction,interaction
interaction,interaction
interaction,interaction
interaction,interaction
interaction,interaction
interaction,interaction
interaction,interaction
interaction,interaction
interaction,interaction
interaction,interaction
interaction,interaction
interaction,interaction
interaction,interaction
interaction,interaction
interaction,interaction
interaction,interaction
interaction,interaction
interaction,interaction
interaction,interaction
interaction,interaction
interaction,interaction
interaction,interaction
interaction,interaction
interaction,interaction
interaction,interaction
interaction,interaction
interaction,interaction
interaction,interaction
interaction,interaction
interaction,interaction
interaction,interaction
interaction,interaction
interaction,interaction
interaction,interaction
interaction,interaction
interaction,interaction
interaction,interaction
interaction,interaction
interaction,interaction
interaction,interaction
interaction,interaction
interaction,interaction
interaction,interaction
interaction,interaction
interaction,interaction
interaction,interaction
interaction,interaction
interaction,interaction
interaction,interaction
interaction,interaction
interaction,interaction
interaction,interaction
interaction,interaction
interaction,interaction
interaction,interaction
interaction,interaction
interaction,interaction
interaction,interaction
interaction,interaction
interaction,interaction
interaction,interaction
interaction,interaction
interaction,interaction
interaction,interaction
interaction,interaction
interaction,interaction
interaction,interaction
interaction,interaction
interaction,interaction
interaction,interaction
interaction,interaction
interaction,interaction
interaction,interaction
interaction,interaction
interaction,interaction
interaction,interaction
interaction,interaction
interaction,interaction
interaction,interaction
interaction,interaction
interaction,interaction
interaction,interaction
interaction,interaction
interaction,interaction
interaction,interaction
interaction,interaction
interaction,interaction
interaction,interaction
interaction,interaction
interaction,interaction
interaction,interaction
interaction,interaction
interaction,interaction
interaction,interaction
interaction,interaction
interaction,interaction
interaction,interaction
interaction,interaction
interaction,interaction
interaction,interaction
interaction,interaction
interaction,interaction
interaction,interaction
interaction,interaction
interaction,interaction
interaction,interaction
interaction,interaction
interaction,interaction
interaction,interaction
interaction,interaction
interaction,interaction
interaction,interaction
interaction,interaction
interaction,interaction
interaction,interaction
interaction,interaction
interaction,interaction
interaction,interaction
interaction,interaction
interaction,interaction
interaction,interaction
interaction,interaction
interaction,interaction
interaction,interaction
interaction,interaction
interaction,interaction
interaction,interaction
interaction,interaction
interaction,interaction
interaction,interaction
interaction,interaction
interaction,interaction
interaction,interaction
interaction,interaction
interaction,interaction
interaction,interaction
interaction,interaction
interaction,interaction
interaction,interaction
interaction,interaction
interaction,interaction
interaction,interaction
interaction,interaction
interaction,interaction
interaction,interaction
interaction,interaction
interaction,interaction
interaction,interaction
interaction,interaction
interaction,interaction
interaction,interaction
interaction,interaction
interaction,interaction
interaction,interaction
interaction,interaction
interaction,interaction
interaction,interaction
interaction,interaction
interaction,interaction
interaction,interaction
interaction,interaction
interaction,interaction
interaction,interaction
interaction,interaction
interaction,interaction
interaction,interaction
interaction,interaction
interaction,interaction
interaction,interaction
interaction,interaction
interaction,interaction
interaction,interaction
Background,interaction
Background,interaction
Background,interaction
Background,interaction
Background,interaction
Background,interaction
Background,interaction
Background,interaction
Background,interaction
Background,interaction
Background,interaction
Background,interaction
Background,interaction
Background,interaction
Background,interaction
Background,interaction
Background,interaction
Background,interaction
Background,interaction
Background,interaction
Background,interaction
Background,interaction
Background,interaction
Background,interaction
Background,interaction
Background,interaction
Background,interaction
Background,interaction
Background,interaction
Background,interaction
Background,interaction
Background,interaction
Background,interaction
Background,interaction
Background,interaction
Background,interaction
Background,interaction
Background,interaction
Background,background
Background,background
Background,background
Background,background
Background,background
Background,background
Background,background
Background,background
Background,background
Background,background
Background,background
Background,background
Background,background
Background,background
Background,background
Background,background
Background,background
Background,background
Background,background
Background,background
Background,background
Background,background
Background,background
Background,background
Background,background
Background,background
Background,background
Background,background
Background,background
Background,background
Background,background
Background,background
Background,background
Background,background
Background,background
Background,background
Background,background
Background,background
Background,background
Background,background
Background,background
Background,background
Background,background
Background,background
Background,background
Background,background
Background,background
Background,background
Background,background
Background,background
Background,background
Background,background
Background,background
Background,background
Background,background
Background,background
Background,background
Background,background
Background,background
Background,background
Background,background
Background,background
Background,background
Background,background
Background,background
Background,background
Background,background
Background,background
Background,background
Background,background
Background,background
Background,background
Background,background
Background,background
Background,background
Background,background
Background,background
Background,background
Background,background
Background,background
Background,background
Background,background
Background,background
Background,background
Background,background
Background,background
Background,background
Background,background
Background,background
Background,background
Background,background
Background,background
Background,background
Background,background
Background,background
Background,background
Background,background
Background,background
Background,background
Background,background
Background,background
Background,background
Background,background
Background,background
Background,background
Background,background
Background,background
Background,background
Background,background
Background,background
Background,background
Background,background
Background,background
Background,background
Background,background
Background,background
Background,background
Background,background
Background,background
Background,background
Background,background
Background,background
Background,background
Background,background
Background,background
Background,background
Background,background
Background,background
Background,background
Background,background
Background,background
Background,background
Background,background
Background,background
Background,background
Background,background
Background,background
Background,background
Background,background
Background,background
Background,background
Background,background
Background,background
Background,background
Background,background
Background,background
Background,background
Background,background
Background,background
Background,background
Background,background
Background,background
Background,background
Background,background
Background,background
Background,background
Background,background
Background,background
Background,background
Background,background
Background,background
Background,background
Background,background
Background,background
Background,background
Background,background
Background,background
Background,background
Background,background
Background,background
Background,background
Background,background
Background,background
Background,background
Background,background
Background,background
Background,background
Background,background
Background,background
Background,background
Background,background
Background,background
Background,background
Background,background
Background,background
Background,background
Background,background
Background,background
Background,background
Background,background
Background,background
Background,background
Background,background
Background,background
Background,background
Background,background
Background,background
Background,background
Background,background
Background,background
Background,background
Background,background
Background,background
Background,background
Background,background
Background,background
Background,background
Background,background
Background,background
Background,background
Background,background
Background,background
Background,background
Background,background
Background,background
Background,background
Background,background
Background,background
Background,background
Background,background
Background,background
Background,background
Background,background
Background,background
Background,background
Background,background
Background,background
Background,background
Background,background
Background,background
Background,background
Background,background
Background,background
Background,background
Background,background
Background,background
Background,background
Background,background
Background,background
Background,background
Background,background
Background,background
Background,background
Background,background
Background,background
Background,background
Background,background
Background,background
Background,background
Background,background
Background,background
Background,background
Background,background
Background,background
Background,background
Background,background
Background,background
Background,background
Background,background
Background,background
Background,background
Background,background
Background,background
Background,background
Background,background
Background,background
Background,background
Background,background
Background,background
Background,background
Background,background
Background,background
Background,background
Background,background
Background,background
Background,background
Background,background
Background,background
Background,background
Background,background
Background,background
Background,background
Background,background
Background,background
Background,background
Background,background
Background,background
Background,background
Background,background
Background,background
Background,background
Background,background
Background,background
Background,background
Background,background
Background,background
Background,background
Background,background
Background,background
Background,background
Background,background
Background,background
Background,background
Background,background
Background,background
Background,background
Background,background
Background,background
Background,background
Background,background
Background,background
Background,background
Background,background
Background,background
Background,background
Background,background
Background,background
Background,background
Background,background
Background,background
Background,background
Background,background
Background,background
Background,background
Background,background
Background,background
Background,background
Background,background
Background,background
Background,background
Background,background
Background,background
Background,background
Background,background
Background,background
Background,background
Background,background
Background,background
Background,background
Background,background
Background,background
Background,background
Background,background
Background,background
Background,background
Background,background
Background,background
Background,background
Background,background
Background,background
Background,background
Background,background
Background,background
Background,background
Background,background
Background,background
Background,background
Background,background
Background,background
Background,background
Background,background
Background,background
Background,background
Background,background
Background,background
Background,background
Background,background
Background,background
Background,background
Background,background
Background,background
Background,background
Background,background
Background,background
Background,background
Background,background
Background,background
Background,background
Background,background
Background,background
Background,background
Background,background
Background,background
Background,background
Background,background
Background,background
Background,background
Background,background
Background,background
Background,background
Background,background
Background,background
Background,background
Background,background
Background,background
Background,background
Background,background
Background,background
Background,background
Background,background
Background,background
Background,background
Background,background
Background,background
Background,background
Background,background
Background,background
Background,background
Background,background
Background,background
Background,background
Background,background
Background,background
Background,background
Background,background
Background,background
Background,background
Background,background
Background,background
Background,background
Background,background
Background,background
Background,background
Background,background
Background,background
Background,background
Background,background
Background,background
Background,background
Background,background
Background,background
Background,background
Background,background
Background,background
Background,background
Background,background
Background,background
Background,background
Background,background
Background,background
Background,background
Background,background
Background,background
Background,background
Background,background
Background,background
Background,background
Background,background
Background,background
Background,background
Background,background
Background,background
Background,background
Background,background
Background,background
Background,background
Background,background
Background,background
Background,background
Background,background
Background,background
Background,background
Background,background
Background,background
Background,background
Background,background
Background,background
Background,background
Background,background
Background,background
Background,background
Background,background
Background,background
Background,background
Background,background
Background,background
Background,background
Background,background
Background,background
Background,background
Background,background
Background,background
Background,background
Background,background
Background,background
Background,background
Background,background
Background,background
Background,background
Background,background
Background,background
Background,background
Background,background
Background,background
Background,background
Background,background
Background,background
Background,background
Background,background
Background,background
Background,background
Background,background
Background,background
Background,background
Background,background
Background,background
Background,background
Background,background
Background,background
Background,background
Background,background
Background,background
Background,background
Background,background
Background,background
Background,background
Background,background
Background,background
Background,background
Background,background
Background,background
Background,background
Background,background
Background,background
Background,background
Background,background
Background,background
Background,background
Background,background
Background,background
Background,background
Background,background
Background,background
Background,background
Background,background
Background,background
Background,background
Background,background
Background,background
Background,background
Background,background
Background,background
Background,background
Background,background
Background,background
Background,background
Background,background
Background,background
Background,background
Background,background
Background,background
Background,background
Background,background
Background,background
Background,background
Background,background
Background,background
Background,background
Background,background
Background,background
Background,background
Background,background
Background,background
Background,background
Background,background
Background,background
Background,background
Background,background
Background,background
Background,background
Background,background
Background,background
Background,background
Background,background
Background,background
Background,background
Background,background
Background,background
Background,background
Background,background
Background,background
Background,background
Background,background
Background,background
Background,background
Background,background
Background,background
Background,background
Background,background
Background,background
Background,background
Background,background
Background,background
Background,background
Background,background
Background,background
Background,background
Background,background
Background,background
Background,background
Background,background
Background,background
Background,background
Background,background
Background,background
Background,background
Background,background
Background,background
Background,background
Background,background
Background,background
Background,background
Background,background
Background,background
Background,background
Background,background
Background,background
Background,background
Background,background
Background,background
Background,background
Background,background
Background,background
Background,background
Background,background
Background,background
Background,background
Background,background
Background,background
Background,background
Background,background
Background,background
Background,background
Background,background
Background,background
Background,background
Background,background
Background,background
Background,background
Background,background
Background,background
Background,background
Background,background
Background,background
Background,background
Background,background
Background,background
Background,background
Background,background
Background,background
Background,background
Background,background
Background,background
Background,background
Background,background
Background,background
Background,background
Background,background
Background,background
Background,background
Background,background
Background,background
Background,background
Background,background
Background,background
Background,background
Background,background
Background,background
Background,background
Background,background
Background,background
Background,background
Background,background
Background,background
Background,background
Background,background
Background,background
Background,background
Background,background
Background,background
Background,background
Background,background
Background,background
Background,background
Background,background
Background,background
Background,background
Background,background
Background,background
Background,background
Background,background
Background,background
Background,background
Background,background
Background,background
Background,background
Background,background
Background,background
Background,background
Background,background
Background,background
Background,background
Background,background
Background,background
Background,background
Background,background
Background,background
Background,background
Background,background
Background,background
Background,background
Background,background
Background,background
Background,background
Background,background
Background,background
Background,background
Background,background
Background,background
Background,background
Background,background
Background,background
Background,background
Background,background
Background,background
Background,background
Background,background
Background,background
Background,background
Background,background
Background,background
Background,background
Background,background
Background,background
Background,background
Background,background
Background,background
Background,background
Background,background
Background,background
Background,background
Background,background
Background,background
Background,background
Background,background
Background,background
Background,background
Background,background
Background,background
Background,background
Background,background
Background,background
Background,background
Background,background
Background,background
Background,background
Background,background
Background,background
Background,background
Background,background
Background,background
Background,background
Background,background
Background,background
Background,background
Background,background
Background,background
Background,background
Background,background
Background,background
Background,background
Background,background
Background,background
Background,background
Background,background
Background,background
Background,background
Background,background
Background,background
Background,background
Background,background
Background,background
Background,background
Background,background
Background,background
Background,background
Background,background
Background,background
Background,background
Background,background
Background,background
Background,background
Background,background
Background,background
Background,background
Background,background
Background,background
Background,background
Background,background
Background,background
Background,background
Background,background
Background,background
Background,background
Background,background
Background,background
Background,background
Background,background
Background,background
Background,background
Background,background
Background,background
Background,background
Background,background
Background,background
Background,background
Background,background
Background,background
Background,background
Background,background
Background,background
Background,background
Background,background
Background,background
Background,background
Background,background
Background,background
Background,background
Background,background
Background,background
Background,background
Background,background
Background,background
Background,background
Background,background
Background,background
Background,background
Background,background
Background,background
Background,background
Background,background
Background,background
Background,background
Background,background
Background,background
Background,background
Background,background
Background,background
Background,background
Background,background
Background,background
Background,background
Background,background
Background,background
Background,background
Background,background
Background,background
Background,background
Background,background
Background,background
Background,background
Background,background
Background,background
Background,background
Background,background
Background,background
Background,background
Background,background
Background,background
Background,background
Background,background
Background,background
Background,background
Background,background
Background,background
Background,background
Background,background
Background,background
Background,background
Background,background
Background,background
Background,background
Background,background
Background,background
Background,background
Background,background
Background,background
Background,background
Background,background
Background,background
Background,background
Background,background
Background,background
Background,background
Background,background
Background,background
Background,background
Background,background
Background,background
Background,background
Background,background
Background,background
Background,background
Background,background
Background,background
Background,background
Background,background
Background,background
Background,background
Background,background
Background,background
Background,background
Background,background
Background,background
Background,background
Background,background
Background,background
Background,background
Background,background
Background,background
Background,background
Background,background
Background,background
Background,background
Background,background
Background,background
Background,background
Background,background
Background,background
Background,background
Background,background
Background,background
Background,background
Background,background
Background,background
Background,background
Background,background
Background,background
Background,background
Background,background
Background,background
Background,background
Background,background
Background,background
Background,background
Background,background
Background,background
Background,background
Background,background
Background,background
Background,background
Background,background
Background,background
Background,background
Background,background
Background,background
Background,background
Background,background
Background,background
Background,background
Background,background
Background,background
Background,background
Background,background
Background,background
Background,background
Background,background
Background,background
Background,background
Background,background
Background,background
Background,background
Background,background
Background,background
Background,background
Background,background
Background,background
Background,background
Background,background
Background,background
Background,background
Background,background
Background,background
Background,background
Background,background
Background,background
Background,background
Background,background
Background,background
Background,background
Background,background
Background,background
Background,background
Background,background
Background,background
Background,background
Background,background
Background,background
Background,background
Background,background
Background,background
Background,background
Background,background
Background,background
Background,background
Background,background
Background,background
Background,background
Background,background
Background,background
Background,background
Background,background
Background,background
Background,background
Background,background
Background,background
Background,background
Background,background
Background,background
Background,background
Background,background
Background,background
Background,background
Background,background
Background,background
Background,background
Background,background
Background,background
Background,background
Background,background
Background,background
Background,background
Background,background
Background,background
Background,background
Background,background
Background,background
Background,background
Background,background
Background,background
Background,background
Background,background
Background,background
Background,background
Background,background
Background,background
Background,background
Background,background
Background,background
Background,background
Background,background
Background,background
Background,background
Background,background
Background,background
Background,background
Background,background
Background,background
Background,background
Background,background
Background,background
Background,background
Background,background
Background,background
Background,background
Background,background
Background,background
Background,background
Background,background
Background,background
Background,background
Background,background
Background,background
Background,background
Background,background
Background,background
Background,background
Background,background
Background,background
Background,background
Background,background
Background,background
Background,background
Background,background
Background,background
Background,background
Background,background
Background,background
Background,background
Background,background
Background,background
Background,background
Background,background
Background,background
Background,background
Background,background
Background,background
Background,background
Background,background
Background,background
Background,background
Background,background
Background,background
Background,background
Background,background
Background,background
Background,background
Background,background
Background,background
Background,background
Background,background
Background,background
Background,background
Background,background
Background,background
Background,background
Background,background
Background,background
Background,background
Background,background
Background,background
Background,background
Background,background
Background,background
Background,background
Background,background
Background,background
Background,background
Background,background
Background,background
Background,background
Background,background
Background,background
Background,background
Background,background
Background,background
Background,background
Background,background
Background,background
Background,background
Background,background
Background,background
Background,background
Background,background
Background,background
Background,background
Background,background
Background,background
Background,background
Background,background
Background,background
Background,background
Background,background
Background,background
Background,background
Background,background
Background,background
Background,background
Background,background
Background,background
Background,background
Background,background
Background,background
Background,background
Background,background
Background,background
Background,background
Background,background
Background,background
Background,background
Background,background
Background,background
Background,background
Background,background
Background,background
Background,background
Background,background
Background,background
Background,background
Background,background
Background,background
Background,background
Background,background
Background,background
Background,background
Background,background
Background,background
Background,background
Background,background
Background,background
Background,background
Background,background
Background,background
Background,background
Background,background
Background,background
Background,background
Background,background
Background,background
Background,background
Background,background
Background,background
Background,background
Background,background
Background,background
Background,background
Background,background
Background,background
Background,background
Background,background
Background,background
Background,background
Background,background
Background,background
Background,background
Background,background
Background,background
Background,background
Background,background
Background,background
Background,background
Background,background
Background,background
Background,background
Background,background
Background,background
Background,background
Background,background
Background,background
Background,background
Background,background
Background,background
Background,background
Background,background
Background,background
Background,background
Background,background
Background,background
Background,background
Background,background
Background,background
Background,background
Background,background
Background,background
Background,background
Background,background
Background,background
Background,background
Background,background
Background,background
Background,background
Background,background
Background,background
Background,background
Background,background
Background,background
Background,background
Background,background
Background,background
Background,background
Background,background
Background,background
Background,background
Background,background
Background,background
Background,background
Background,background
Background,background
Background,background
Background,background
Background,background
Background,background
Background,background
Background,background
Background,background
Background,background
Background,background
Background,background
Background,background
Background,background
Background,background
Background,background
Background,background
Background,background
Background,background
Background,background
Background,background
Background,background
Background,background
Background,background
Background,background
Background,background
Background,background
Background,background
Background,background
Background,background
Background,background
Background,background
Background,background
Background,background
Background,background
Background,background
Background,background
Background,background
Background,background
Background,background
Background,background
Background,background
Background,background
Background,background
Background,background
Background,background
Background,background
Background,background
Background,background
Background,background
Background,background
Background,background
Background,background
Background,background
Background,background
Background,background
Background,background
Background,background
Background,background
Background,background
Background,background
Background,background
Background,background
Background,background
Background,background
Background,background
Background,background
Background,background
Background,background
Background,background
Background,background
Background,background
Background,background
Background,background
Background,background
Background,background
Background,background
Background,background
Background,background
Background,background
Background,background
Background,background
Background,background
Background,background
Background,background
Background,background
Background,background
Background,background
Background,background
Background,background
Background,background
Background,background
Background,background
Background,background
Background,background
Background,background
Background,background
Background,background
Background,background
Background,background
Background,background
Background,background
Background,background
Background,background
Background,background
Background,background
Background,background
Background,background
Background,background
Background,background
Background,background
Background,background
Background,background
Background,background
Background,background
Background,background
Background,background
Background,background
Background,background
Background,background
Background,background
Background,background
Background,background
Background,background
Background,background
Background,background
Background,background
Background,background
Background,background
Background,background
Background,background
Background,background
Background,background
Background,background
Background,background
Background,background
Background,background
Background,background
Background,background
Background,background
Background,background
Background,background
Background,background
Background,background
Background,background
Background,background
Background,background
Background,background
Background,background
Background,background
Background,background
Background,background
Background,background
Background,background
Background,background
Background,background
Background,background
Background,background
Background,background
Background,background
Background,background
Background,background
Background,background
Background,background
Background,background
Background,background
Background,background
Background,background
Background,background
Background,background
Background,background
Background,background
Background,background
Background,background
Background,background
Background,background
Background,background
Background,background
Background,background
Background,background
Background,background
Background,background
Background,background
Background,background
Background,background
Background,background
Background,background
Background,background
Background,background
Background,background
Background,background
Background,background
Background,background
Background,background
Background,background
Background,background
Background,background
Background,background
Background,background
Background,background
Background,background
Background,background
Background,background
Background,background
Background,background
Background,background
Background,background
Background,background
Background,background
Background,background
Background,background
Background,background
Background,background
Background,background
Background,background
Background,background
Background,background
Background,background
Background,background
Background,background
Background,background
Background,background
Background,background
Background,background
Background,background
Background,background
Background,background
Background,background
Background,background
Background,background
Background,background
Background,background
Background,background
Background,background
Background,background
Background,background
Background,background
Background,background
Background,background
Background,background
Background,background
Background,background
Background,background
Background,background
Background,background
Background,background
Background,background
Background,background
Background,background
Background,background
Background,background
Background,background
Background,background
Background,background
Background,background
Background,background
Background,background
Background,background
Background,background
Background,background
Background,background
Background,background
Background,background
Background,background
Background,background
Background,background
Background,background
Background,background
Background,background
Background,background
Background,background
Background,background
Background,background
Background,background
Background,background
Background,background
Background,background
Background,background
Background,background
Background,background
Background,background
Background,background
Background,background
Background,background
Background,background
Background,background
Background,background
Background,background
Background,background
Background,background
Background,background
Background,background
Background,background
Background,background
Background,background
Background,background
Background,background
Background,background
Background,background
Background,background
Background,background
Background,background
Background,background
Background,background
Background,background
Background,background
Background,background
Background,background
Background,background
Background,background
Background,background
Background,background
Background,background
Background,background
Background,background
Background,background
Background,background
Background,background
Background,background
Background,background
Background,background
Background,background
Background,background
Background,background
Background,background
Background,background
Background,background
Background,background
Background,background
Background,background
Background,background
Background,background
Background,background
Background,background
Background,background
Background,background
Background,background
Background,background
Background,background
Background,background
Background,background
Background,background
Background,background
Background,background
Background,background
Background,background
Background,background
Background,background
Background,background
Background,background
Background,background
Background,background
Background,background
Background,background
Background,background
Background,background
Background,background
Background,background
Background,background
Background,background
Background,background
Background,background
Background,background
Background,background
Background,background
Background,background
Background,background
Background,background
Background,background
Background,background
Background,background
Background,background
Background,background
Background,background
Background,background
Background,background
Background,background
Background,background
Background,background
Background,background
Background,background
Background,background
Background,background
Background,background
Background,background
Background,background
Background,background
Background,background
Background,background
Background,background
Background,background
Background,background
Background,background
Background,background
Background,background
Background,background
Background,background
Background,background
Background,background
Background,background
Background,background
Background,background
Background,background
Background,background
Background,background
Background,background
Background,background
Background,background
Background,background
Background,background
Background,background
Background,background
Background,background
Background,background
Background,background
Background,background
Background,background
Background,background
Background,background
Background,background
Background,background
Background,background
Background,background
Background,background
Background,background
Background,background
Background,background
Background,background
Background,background
Background,background
Background,background
Background,background
Background,background
Background,background
Background,background
Background,background
Background,background
Background,background
Background,background
Background,background
Background,background
Background,background
Background,background
Background,background
Background,background
Background,background
Background,background
Background,background
Background,background
Background,background
Background,background
Background,background
Background,background
Background,background
Background,background
Background,background
Background,background
Background,background
Background,background
Background,background
Background,background
Background,background
Background,background
Background,background
Background,background
Background,background
Background,background
Background,background
Background,background
Background,background
Background,background
Background,background
Background,background
Background,background
Background,background
Background,background
Background,background
Background,background
Background,background
Background,background
Background,background
Background,background
Background,background
Background,background
Background,background
Background,background
Background,background
Background,background
Background,background
Background,background
Background,background
Background,background
Background,background
Background,background
Background,background
Background,background
Background,background
Background,background
Background,background
Background,background
Background,background
Background,background
Background,background
Background,background
Background,background
Background,background
Background,background
Background,background
Background,background
Background,background
Background,background
Background,background
Background,background
Background,background
Background,background
Background,background
Background,background
Background,background
Background,background
Background,background
Background,background
Background,background
Background,background
Background,background
Background,background
Background,background
Background,background
Background,background
Background,background
Background,background
Background,background
Background,background
Background,background
Background,background
Background,background
Background,background
Background,background
Background,background
Background,background
Background,background
Background,background
Background,background
Background,background
Background,background
Background,background
Background,background
Background,background
Background,background
Background,background
Background,background
Background,background
Background,background
Background,background
Background,background
Background,background
Background,background
Background,background
Background,background
Background,background
Background,background
Background,background
Background,background
Background,background
Background,background
Background,background
Background,background
Background,background
Background,background
Background,background
Background,background
Background,background
Background,background
Background,background
Background,background
Background,background
Background,background
Background,background
Background,background
Background,background
Background,background
Background,background
Background,background
Background,background
Background,background
Background,background
Background,background
Background,background
Background,background
Background,background
Background,background
Background,background
Background,background
Background,background
Background,background
Background,background
Background,background
Background,background
Background,background
Background,background
Background,background
Background,background
Background,background
Background,background
Background,background
Background,background
Background,background
Background,background
Background,background
Background,background
Background,background
Background,background
Background,background
Background,background
Background,background
Background,background
Background,background
Background,background
Background,background
Background,background
Background,background
Background,background
Background,background
Background,background
Background,background
Background,background
Background,background
Background,background
Background,background
Background,background
Background,background
Background,background
Background,background
Background,background
Background,background
Background,background
Background,background
Background,background
Background,background
Background,background
Background,background
Background,background
Background,background
Background,background
Background,background
Background,background
Background,background
Background,background
Background,background
Background,background
Background,background
Background,background
Background,background
Background,background
Background,background
Background,background
Background,background
Background,background
Background,background
Background,background
Background,background
Background,background
Background,background
Background,background
Background,background
Background,background
Background,background
Background,background
Background,background
Background,background
Background,background
Background,background
Background,background
Background,background
Background,background
Background,background
Background,background
Background,background
Background,background
Background,background
Background,background
Background,background
Background,background
Background,background
Background,background
Background,background
Background,background
Background,background
Background,background
Background,background
Background,background
Background,background
Background,background
Background,background
Background,background
Background,background
Background,background
Background,background
Background,background
Background,background
Background,background
Background,background
Background,background
Background,background
Background,background
Background,background
Background,background
Background,background
Background,background
Background,background
Background,background
Background,background
Background,background
Background,background
Background,background
Background,background
Background,background
Background,background
Background,background
Background,background
Background,background
Background,background
Background,background
Background,background
Background,background
Background,background
Background,background
Background,background
Background,background
Background,background
posing,background
posing,background
posing,background
posing,background
posing,background
posing,background
posing,background
Background,background
Background,background
Background,background
Background,background
Background,background
Background,background
Background,background
Background,background
Background,background
Background,background
Background,background
Background,background
Background,background
Background,background
Background,background
Background,background
Background,background
Background,background
Background,background
Background,background
Background,background
Background,background
Background,background
Background,background
Background,background
Background,background
Background,background
Background,background
Background,background
Background,background
Background,background
Background,background
Background,background
Background,background
Background,background
Background,background
Background,background
Background,background
Background,background
Background,background
Background,background
Background,background
Background,background
Background,background
Background,background
Background,background
Background,background
Background,background
Background,background
Background,background
Background,background
Background,background
Background,background
Background,background
Background,background
Background,background
Background,background
Background,background
Background,background
Background,background
Background,background
Background,background
Background,background
Background,background
Background,background
Background,background
Background,background
Background,background
Background,background
Background,background
Background,background
Background,background
Background,background
Background,background
Background,background
Background,background
Background,background
Background,background
Background,background
Background,background
Background,background
Background,background
Background,background
Background,background
Background,background
Background,background
Background,background
Background,background
Background,background
Background,background
Background,background
Background,background
Background,background
Background,background
Background,background
Background,background
Background,background
Background,background
Background,background
Background,background
Background,background
Background,background
Background,background
Background,background
Background,background
Background,background
Background,background
Background,background
Background,background
Background,background
Background,background
Background,background
Background,background
Background,background
Background,background
Background,background
Background,background
Background,background
Background,background
Background,background
Background,background
Background,background
Background,background
Background,background
Background,background
Background,background
Background,background
Background,background
Background,background
Background,background
Background,background
Background,background
Background,background
Background,background
Background,background
Background,background
Background,background
Background,background
Background,background
Background,background
Background,background
Background,background
Background,background
Background,background
Background,background
Background,background
Background,background
Background,background
Background,background
Background,background
Background,background
Background,background
Background,background
Background,background
Background,background
Background,background
Background,background
Background,background
Background,background
Background,background
Background,background
Background,background
Background,background
Background,background
Background,background
Background,background
Background,background
Background,background
Background,background
Background,background
Background,background
Background,background
Background,background
Background,background
Background,background
Background,background
Background,background
Background,background
Background,background
Background,background
Background,background
Background,background
Background,background
Background,background
Background,background
Background,background
Background,background
Background,background
Background,background
Background,background
Background,background
Background,background
Background,background
Background,background
Background,background
Background,background
Background,background
Background,background
Background,background
Background,background
Background,background
Background,background
Background,background
Background,background
Background,background
Background,background
Background,background
Background,background
Background,background
Background,background
Background,background
Background,background
Background,background
Background,background
Background,background
Background,background
Background,background
Background,background
Background,background
Background,background
Background,background
Background,background
Background,background
Background,background
Background,background
Background,background
Background,background
Background,background
Background,background
Background,background
Background,background
Background,background
Background,background
Background,background
Background,background
Background,background
Background,background
Background,background
Background,background
Background,background
Background,background
Background,background
Background,background
Background,background
Background,background
Background,background
Background,background
Background,background
Background,background
Background,background
Background,background
Background,background
Background,background
Background,background
Background,background
Background,background
Background,background
Background,background
Background,background
Background,background
Background,background
Background,background
Background,background
Background,background
Background,background
Background,background
Background,background
Background,background
Background,background
Background,background
Background,background
Background,background
Background,background
Background,background
Background,background
Background,background
Background,background
Background,background
Background,background
Background,background
Background,background
Background,background
Background,background
Background,background
Background,background
Background,background
Background,background
Background,background
Background,background
Background,background
Background,background
Background,background
Background,background
Background,background
Background,background
Background,background
Background,background
Background,background
Background,background
Background,background
Background,background
Background,background
Background,background
Background,background
Background,background
Background,background
Background,background
Background,background
Background,background
Background,background
Background,background
Background,background
Background,background
Background,background
Background,background
Background,background
Background,background
Background,background
Background,background
Background,background
Background,background
Background,background
Background,background
Background,background
Background,background
Background,background
Background,background
Background,background
Background,background
Background,background
Background,background
Background,background
Background,background
Background,background
Background,background
Background,background
Background,background
Background,background
Background,background
Background,background
Background,background
Background,background
Background,background
Background,background
Background,background
Background,background
Background,background
Background,background
Background,background
Background,background
Background,background
Background,background
Background,background
Background,background
Background,background
Background,background
Background,background
Background,background
Background,background
Background,background
Background,background
Background,background
Background,background
Background,background
Background,background
Background,background
Background,background
Background,background
Background,background
Background,background
Background,background
Background,background
Background,background
Background,background
Background,background
Background,background
Background,background
Background,background
Background,background
Background,background
Background,background
Background,background
Background,background
Background,background
Background,background
Background,background
Background,background
Background,background
Background,background
Background,background
Background,background
Background,background
Background,background
Background,background
Background,background
Background,background
Background,background
Background,background
Background,background
Background,background
Background,background
Background,background
Background,background
Background,background
Background,background
Background,background
Background,background
Background,background
Background,background
Background,background
Background,background
Background,background
Background,background
Background,background
Background,background
Background,background
Background,background
Background,background
Background,background
Background,background
Background,background
Background,background
Background,background
Background,background
Background,background
Background,background
Background,background
Background,background
Background,background
Background,background
Background,background
Background,background
Background,background
Background,background
Background,background
Background,background
Background,background
Background,background
Background,background
Background,background
Background,background
Background,background
Background,background
Background,background
Background,background
Background,background
Background,background
Background,background
Background,background
Background,background
Background,background
Background,background
Background,background
Background,background
Background,background
Background,background
Background,background
Background,background
Background,background
Background,background
Background,background
Background,background
posing,background
posing,background
posing,background
posing,background
posing,background
posing,background
posing,background
Background,background
Background,background
Background,background
Background,background
Background,background
Background,background
Background,background
Background,background
Background,background
Background,background
Background,background
Background,background
Background,background
Background,background
Background,background
Background,background
Background,background
Background,background
Background,background
Background,background
Background,background
Background,background
Background,background
Background,background
Background,background
Background,background
Background,background
Background,background
Background,background
Background,background
Background,background
Background,background
Background,background
Background,background
Background,background
Background,background
Background,background
Background,background
Background,background
Background,background
Background,background
Background,background
Background,background
Background,background
Background,background
Background,background
Background,background
Background,background
Background,background
Background,background
Background,background
Background,background
Background,background
Background,background
Background,background
Background,background
Background,background
Background,background
Background,background
Background,background
Background,background
Background,background
Background,background
Background,background
Background,background
Background,background
Background,background
Background,background
Background,background
Background,background
Background,background
Background,background
Background,background
Background,background
Background,background
Background,background
Background,background
Background,background
Background,background
Background,background
Background,background
Background,background
Background,background
Background,background
Background,background
Background,background
Background,background
Background,background
Background,background
Background,background
Background,background
Background,background
Background,background
Background,background
Background,background
Background,background
Background,background
Background,background
Background,background
Background,background
Background,background
Background,background
Background,background
Background,background
Background,background
Background,background
Background,background
Background,background
Background,background
Background,background
Background,background
Background,background
Background,background
Background,background
Background,background
Background,background
Background,background
Background,background
Background,background
Background,background
Background,background
Background,background
Background,background
Background,background
Background,background
Background,background
Background,background
Background,background
Background,background
Background,background
Background,background
Background,background
Background,background
Background,background
Background,background
Background,background
Background,background
Background,background
Background,background
Background,background
Background,background
Background,background
Background,background
Background,background
Background,background
Background,background
Background,background
Background,background
Background,background
Background,background
Background,background
Background,background
Background,background
Background,background
Background,background
Background,background
Background,background
Background,background
Background,background
Background,background
Background,background
Background,background
Background,background
Background,background
Background,background
Background,background
Background,background
Background,background
Background,background
Background,background
Background,background
Background,background
Background,background
Background,background
Background,background
Background,background
Background,background
Background,background
Background,background
Background,background
Background,background
Background,background
Background,background
Background,background
Background,background
Background,background
Background,background
Background,background
Background,background
Background,background
Background,background
Background,background
Background,background
Background,background
Background,background
Background,background
Background,background
Background,background
Background,background
Background,background
Background,background
Background,background
Background,background
Background,background
Background,background
Background,background
Background,background
Background,background
Background,background
Background,background
Background,background
Background,background
Background,background
Background,background
Background,background
Background,background
Background,background
Background,background
Background,background
Background,background
Background,background
Background,background
Background,background
Background,background
Background,background
Background,background
Background,background
Background,background
Background,background
Background,background
Background,background
Background,background
Background,background
Background,background
Background,background
Background,background
Background,background
Background,background
Background,background
Background,background
Background,background
Background,background
Background,background
Background,background
Background,background
Background,background
Background,background
Background,background
Background,background
Background,background
Background,background
Background,background
Background,background
Background,background
Background,background
Background,background
Background,background
Background,background
Background,background
Background,background
Background,background
Background,background
Background,background
Background,background
Background,background
Background,background
Background,background
Background,background
Background,background
Background,background
Background,background
Background,background
Background,background
Background,background
Background,background
Background,background
Background,background
Background,background
Background,background
Background,background
Background,background
Background,background
Background,background
Background,background
Background,background
Background,background
Background,background
Background,background
Background,background
Background,background
Background,background
Background,background
Background,background
Background,background
Background,background
Background,background
Background,background
Background,background
Background,background
Background,background
Background,background
Background,background
Background,background
Background,background
Background,background
Background,background
Background,background
Background,background
Background,background
Background,background
Background,background
Background,background
Background,background
Background,background
Background,background
Background,background
Background,background
Background,background
Background,background
Background,background
Background,background
Background,background
Background,background
Background,background
Background,background
Background,background
Background,background
Background,background
Background,background
Background,background
Background,background
Background,background
Background,background
Background,background
Background,background
Background,background
Background,background
Background,background
Background,background
Background,background
Background,background
Background,background
Background,background
Background,background
Background,background
Background,background
Background,background
Background,background
Background,background
Background,background
Background,background
Background,background
Background,background
Background,background
Background,background
Background,background
Background,background
Background,background
Background,background
Background,background
Background,background
Background,background
Background,background
Background,background
Background,background
Background,background
Background,background
Background,background
Background,background
Background,background
Background,background
Background,background
Background,background
Background,background
Background,background
Background,background
Background,background
Background,background
Background,background
Background,background
Background,background
Background,background
Background,background
Background,background
Background,background
Background,background
Background,background
Background,background
Background,background
Background,background
Background,background
Background,background
Background,background
Background,background
Background,background
Background,background
Background,background
Background,background
Background,background
Background,background
Background,background
Background,background
Background,background
Background,background
Background,background
Background,background
Background,background
Background,background
Background,background
Background,background
Background,background
Background,background
Background,background
Background,background
Background,background
Background,background
Background,background
Background,background
Background,background
Background,background
Background,background
Background,background
Background,background
Background,background
Background,background
Background,background
Background,background
Background,background
Background,background
Background,background
Background,background
Background,background
Background,background
Background,background
Background,background
Background,background
Background,background
Background,background
Background,background
Background,background
Background,background
Background,background
Background,background
Background,background
Background,background
Background,background
Background,background
Background,background
Background,background
Background,background
Background,background
Background,background
Background,background
Background,background
Background,background
Background,background
Background,background
Background,background
Background,background
Background,background
Background,background
Background,background
Background,background
Background,background
Background,background
Background,background
Background,background
Background,background
Background,background
Background,background
Background,background
Background,background
Background,background
Background,background
Background,background
Background,background
Background,background
Background,background
Background,background
Background,background
Background,background
Background,background
Background,background
Background,background
Background,background
Background,background
Background,background
Background,background
Background,background
Background,background
Background,background
Background,background
Background,background
Background,background
Background,background
Background,background
Background,background
Background,background
Background,background
Background,background
Background,background
Background,background
Background,background
Background,background
Background,background
Background,background
Background,background
Background,background
Background,background
Background,background
Background,background
Background,background
Background,background
Background,background
Background,background
Background,background
Background,background
Background,background
Background,background
Background,background
Background,background
Background,background
Background,background
Background,background
Background,background
Background,background
Background,background
Background,background
Background,background
Background,background
Background,background
Background,background
Background,background
Background,background
Background,background
Background,background
Background,background
Background,background
Background,background
Background,background
Background,background
Background,background
Background,background
Background,background
Background,background
Background,background
Background,background
Background,background
Background,background
Background,background
Background,background
Background,background
Background,background
Background,background
Background,background
Background,background
Background,background
Background,background
Background,background
Background,background
Background,background
Background,background
Background,background
Background,background
Background,background
Background,background
Background,background
Background,background
Background,background
Background,background
Background,background
Background,background
Background,background
Background,background
Background,background
Background,background
Background,background
Background,background
Background,background
Background,background
Background,background
Background,background
Background,background
Background,background
Background,background
Background,background
Background,background
Background,background
Background,background
Background,background
Background,background
Background,background
Background,background
Background,background
Background,background
Background,background
Background,background
Background,background
Background,background
Background,background
Background,background
Background,background
Background,background
Background,background
Background,background
Background,background
Background,background
Background,background
Background,background
Background,background
Background,background
Background,background
Background,background
Background,background
Background,background
Background,background
Background,background
Background,background
Background,background
Background,background
Background,background
Background,background
Background,background
Background,background
Background,background
Background,background
Background,background
Background,background
Background,background
Background,background
Background,background
Background,background
Background,background
Background,background
Background,background
Background,background
Background,background
Background,background
Background,background
Background,background
Background,background
Background,background
Background,background
Background,background
Background,background
Background,background
Background,background
Background,background
Background,background
Background,background
Background,background
Background,background
Background,background
Background,background
Background,background
Background,background
Background,background
Background,background
Background,background
Background,background
Background,background
Background,background
Background,background
Background,background
Background,background
Background,background
Background,background
Background,background
Background,background
Background,background
Background,background
Background,background
Background,background
Background,background
Background,background
Background,background
Background,background
Background,background
Background,background
Background,background
Background,background
Background,background
Background,background
Background,background
Background,background
Background,background
Background,background
Background,background
Background,background
Background,background
Background,background
Background,background
Background,background
Background,background
Background,background
Background,background
Background,background
Background,background
Background,background
Background,background
Background,background
Background,background
Background,background
Background,background
Background,background
Background,background
Background,background
Background,background
Background,background
Background,background
Background,background
Background,background
Background,background
Background,background
Background,background
Background,background
Background,background
Background,background
Background,background
Background,background
Background,background
Background,background
Background,background
Background,background
Background,background
Background,background
Background,background
Background,background
Background,background
Background,background
Background,background
Background,background
Background,background
Background,background
Background,background
Background,background
Background,background
Background,background
Background,background
Background,background
Background,background
Background,background
Background,background
Background,background
Background,background
Background,background
Background,background
Background,background
Background,background
Background,background
Background,background
Background,background
Background,background
Background,background
Background,background
Background,background
Background,background
Background,background
Background,background
Background,background
Background,background
Background,background
Background,background
Background,background
Background,background
Background,background
Background,background
Background,background
Background,background
Background,background
Background,background
Background,background
Background,background
Background,background
Background,background
Background,background
Background,background
Background,background
Background,background
Background,background
Background,background
Background,background
Background,background
Background,background
Background,background
Background,background
Background,background
Background,background
Background,background
Background,background
Background,background
Background,background
Background,background
Background,background
Background,background
Background,background
Background,background
Background,background
Background,background
Background,background
Background,background
Background,background
Background,background
Background,background
Background,background
Background,background
Background,background
Background,background
Background,background
Background,background
Background,background
Background,background
Background,background
Background,background
Background,background
Background,background
Background,background
Background,background
Background,background
Background,background
Background,background
Background,background
Background,background
Background,background
Background,background
Background,background
Background,background
Background,background
Background,background
Background,background
Background,background
Background,background
Background,background
Background,background
Background,background
Background,background
Background,background
Background,background
Background,background
Background,background
Background,background
Background,background
Background,background
Background,background
Background,background
Background,background
Background,background
Background,background
Background,background
Background,background
Background,background
Background,background
Background,background
Background,background
Background,background
Background,background
Background,background
Background,background
Background,background
Background,background
Background,background
Background,background
Background,background
Background,background
Background,background
Background,background
Background,background
Background,background
Background,background
Background,background
Background,background
Background,background
Background,background
Background,background
Background,background
Background,background
Background,background
Background,background
Background,background
Background,background
Background,background
Background,background
Background,background
Background,background
Background,background
Background,background
Background,background
Background,background
Background,background
Background,background
Background,background
Background,background
Background,background
Background,background
Background,background
Background,background
Background,background
Background,background
Background,background
Background,background
Background,background
Background,background
Background,background
Background,background
Background,background
Background,background
Background,background
Background,background
Background,background
Background,background
Background,background
Background,background
Background,background
Background,background
Background,background
Background,background
Background,background
Background,background
Background,background
Background,background
Background,background
Background,background
Background,background
Background,background
Background,background
Background,background
Background,background
Background,background
Background,background
Background,background
Background,background
Background,background
Background,background
Background,background
Background,background
Background,background
Background,background
Background,background
Background,background
Background,background
Background,background
Background,background
Background,background
Background,background
Background,background
Background,background
Background,background
Background,background
Background,background
Background,background
Background,background
Background,background
Background,background
Background,background
Background,background
Background,background
Background,background
Background,background
Background,background
Background,background
Background,background
Background,background
Background,background
Background,background
Background,background
Background,background
Background,background
Background,background
Background,background
Background,background
Background,background
Background,background
Background,background
Background,background
Background,background
Background,background
Background,background
Background,background
Background,background
Background,background
Background,background
Background,background
Background,background
Background,background
Background,background
Background,background
Background,background
Background,background
Background,background
Background,background
Background,background
Background,background
Background,background
Background,background
Background,background
Background,background
Background,background
Background,background
Background,background
Background,background
Background,background
Background,background
Background,background
Background,background
Background,background
Background,background
Background,background
Background,background
Background,background
Background,background
Background,background
Background,background
Background,background
Background,background
Background,background
Background,background
Background,background
Background,background
Background,background
Background,background
Background,background
Background,background
Background,background
Background,background
Background,background
Background,background
Background,background
Background,background
Background,background
Background,background
Background,background
Background,background
Background,background
Background,background
Background,background
Background,background
Background,background
Background,background
Background,background
Background,background
Background,background
Background,background
Background,background
Background,background
Background,background
Background,background
Background,background
Background,background
Background,background
Background,background
Background,background
Background,background
Background,background
Background,background
Background,background
Background,background
Background,background
Background,background
Background,background
Background,background
Background,background
Background,background
Background,background
Background,background
Background,background
Background,background
Background,background
Background,background
Background,background
Background,background
Background,background
Background,background
Background,background
Background,background
Background,background
Background,background
Background,background
Background,background
Background,background
Background,background
Background,background
Background,background
Background,background
Background,background
Background,background
Background,background
Background,background
Background,background
Background,background
Background,background
Background,background
Background,background
Background,background
Background,background
Background,background
Background,background
Background,background
Background,background
Background,background
Background,background
Background,background
Background,background
Background,background
Background,background
Background,background
Background,background
Background,background
Background,background
Background,background
Background,background
Background,background
Background,background
Background,background
Background,background
Background,background
Background,background
Background,background
Background,background
Background,background
Background,background
Background,background
Background,background
Background,background
Background,background
Background,background
Background,background
Background,background
Background,background
Background,background
Background,background
Background,background
Background,background
Background,background
Background,background
Background,background
Background,background
Background,background
Background,background
Background,background
Background,background
Background,background
Background,background
Background,background
Background,background
Background,background
Background,background
Background,background
Background,background
Background,background
Background,background
Background,background
Background,background
Background,background
Background,background
Background,background
Background,background
Background,background
Background,background
Background,background
Background,background
Background,background
Background,background
Background,background
Background,background
Background,background
Background,background
Background,background
Background,background
Background,background
Background,background
Background,background
Background,interaction
Background,interaction
Background,interaction
Background,interaction
Background,interaction
Background,interaction
Background,interaction
Background,interaction
Background,interaction
Background,interaction
Background,interaction
Background,interaction
Background,interaction
Background,interaction
Background,interaction
Background,interaction
Background,interaction
Background,interaction
Background,interaction
Background,interaction
Background,interaction
Background,interaction
Background,interaction
Background,interaction
Background,interaction
Background,interaction
Background,interaction
Background,interaction
Background,interaction
Background,interaction
Background,interaction
Background,interaction
Background,background
Background,background
Background,background
Background,background
Background,background
Background,background
Background,background
Background,background
Background,background
Background,background
Background,background
Background,background
Background,background
Background,background
Background,background
Background,background
Background,background
Background,background
Background,background
Background,background
Background,background
Background,background
Background,background
Background,background
Background,background
Background,background
Background,background
Background,background
Background,background
Background,background
Background,background
Background,background
Background,background
Background,background
Background,background
Background,background
Background,background
Background,background
Background,background
Background,background
Background,background
Background,background
Background,background
Background,background
Background,background
Background,background
Background,background
Background,background
Background,background
Background,background
Background,background
Background,background
Background,background
Background,background
Background,background
Background,background
Background,background
Background,background
Background,background
Background,background
Background,background
Background,background
Background,background
Background,background
Background,background
Background,background
Background,background
Background,background
Background,background
Background,background
Background,background
Background,background
Background,background
Background,background
Background,background
Background,background
Background,background
Background,background
Background,background
Background,background
Background,background
Background,background
Background,background
Background,background
Background,background
Background,background
Background,background
Background,background
Background,background
Background,background
Background,background
Background,background
Background,background
Background,background
Background,background
Background,background
Background,background
Background,background
Background,background
Background,background
Background,background
Background,background
Background,background
Background,background
Background,background
Background,background
interaction,background
interaction,background
interaction,background
interaction,background
interaction,background
interaction,background
interaction,background
interaction,background
interaction,background
interaction,background
interaction,background
interaction,background
interaction,background
interaction,background
interaction,background
interaction,background
interaction,background
interaction,background
interaction,background
interaction,background
interaction,background
interaction,background
interaction,background
interaction,background
interaction,background
interaction,background
interaction,background
interaction,background
interaction,interaction
interaction,interaction
interaction,interaction
interaction,interaction
interaction,interaction
interaction,interaction
interaction,interaction
interaction,interaction
interaction,interaction
interaction,interaction
interaction,interaction
interaction,interaction
interaction,interaction
interaction,interaction
interaction,interaction
interaction,interaction
interaction,interaction
interaction,interaction
interaction,interaction
interaction,interaction
interaction,interaction
interaction,interaction
interaction,interaction
interaction,interaction
interaction,interaction
interaction,interaction
interaction,interaction
interaction,interaction
interaction,interaction
interaction,interaction
interaction,interaction
interaction,interaction
interaction,interaction
interaction,interaction
interaction,interaction
interaction,interaction
interaction,interaction
interaction,interaction
interaction,interaction
interaction,interaction
interaction,interaction
interaction,interaction
interaction,interaction
interaction,interaction
interaction,interaction
interaction,interaction
interaction,interaction
interaction,interaction
interaction,interaction
interaction,interaction
interaction,interaction
interaction,interaction
interaction,interaction
interaction,interaction
interaction,interaction
interaction,interaction
interaction,interaction
interaction,interaction
interaction,interaction
interaction,interaction
interaction,interaction
interaction,interaction
interaction,interaction
interaction,interaction
interaction,interaction
interaction,interaction
interaction,interaction
interaction,interaction
interaction,interaction
interaction,interaction
interaction,interaction
interaction,interaction
interaction,interaction
interaction,interaction
interaction,interaction
interaction,interaction
interaction,interaction
interaction,interaction
interaction,interaction
interaction,interaction
interaction,interaction
interaction,interaction
interaction,interaction
interaction,interaction
interaction,interaction
interaction,interaction
interaction,interaction
interaction,interaction
interaction,interaction
interaction,interaction
interaction,interaction
interaction,interaction
interaction,interaction
interaction,interaction
interaction,interaction
interaction,interaction
interaction,interaction
interaction,interaction
interaction,interaction
interaction,interaction
interaction,interaction
interaction,interaction
interaction,interaction
interaction,interaction
interaction,interaction
interaction,interaction
interaction,interaction
interaction,interaction
interaction,interaction
interaction,interaction
interaction,interaction
interaction,interaction
interaction,interaction
interaction,interaction
interaction,interaction
interaction,interaction
interaction,interaction
interaction,interaction
interaction,interaction
interaction,interaction
interaction,interaction
interaction,interaction
interaction,interaction
interaction,interaction
interaction,interaction
interaction,interaction
interaction,interaction
interaction,interaction
interaction,interaction
interaction,interaction
interaction,interaction
interaction,interaction
interaction,interaction
interaction,interaction
interaction,interaction
interaction,interaction
interaction,interaction
interaction,interaction
interaction,interaction
interaction,interaction
interaction,interaction
interaction,interaction
interaction,interaction
interaction,interaction
interaction,interaction
interaction,interaction
interaction,interaction
interaction,interaction
interaction,interaction
interaction,interaction
interaction,interaction
interaction,interaction
interaction,interaction
interaction,interaction
interaction,interaction
interaction,interaction
interaction,interaction
interaction,interaction
interaction,interaction
interaction,interaction
interaction,interaction
interaction,interaction
interaction,interaction
interaction,interaction
interaction,interaction
interaction,interaction
interaction,interaction
interaction,interaction
interaction,interaction
interaction,interaction
interaction,interaction
interaction,interaction
interaction,interaction
interaction,interaction
interaction,interaction
interaction,interaction
interaction,interaction
interaction,interaction
interaction,interaction
interaction,interaction
interaction,interaction
interaction,interaction
interaction,interaction
interaction,interaction
interaction,interaction
interaction,interaction
interaction,interaction
interaction,interaction
interaction,interaction
interaction,interaction
interaction,interaction
interaction,interaction
interaction,interaction
interaction,interaction
interaction,interaction
interaction,interaction
interaction,interaction
interaction,interaction
interaction,interaction
interaction,interaction
interaction,interaction
interaction,interaction
interaction,interaction
interaction,interaction
interaction,interaction
interaction,interaction
interaction,interaction
interaction,interaction
interaction,interaction
interaction,interaction
interaction,interaction
interaction,interaction
interaction,interaction
interaction,interaction
interaction,interaction
interaction,interaction
interaction,interaction
interaction,interaction
interaction,interaction
interaction,interaction
interaction,interaction
interaction,interaction
interaction,interaction
interaction,interaction
interaction,interaction
interaction,interaction
interaction,interaction
interaction,interaction
interaction,interaction
interaction,interaction
interaction,interaction
interaction,interaction
interaction,interaction
interaction,interaction
interaction,interaction
interaction,interaction
interaction,interaction
interaction,interaction
interaction,interaction
interaction,interaction
interaction,interaction
interaction,interaction
interaction,interaction
interaction,interaction
interaction,interaction
interaction,interaction
interaction,interaction
interaction,interaction
interaction,interaction
interaction,interaction
interaction,interaction
interaction,interaction
interaction,interaction
interaction,interaction
interaction,interaction
interaction,interaction
interaction,interaction
interaction,interaction
interaction,interaction
interaction,interaction
interaction,interaction
interaction,interaction
interaction,interaction
interaction,interaction
interaction,interaction
interaction,interaction
interaction,interaction
interaction,interaction
interaction,interaction
interaction,interaction
interaction,interaction
interaction,interaction
interaction,interaction
interaction,interaction
interaction,interaction
interaction,interaction
interaction,interaction
interaction,interaction
interaction,interaction
interaction,interaction
interaction,interaction
interaction,interaction
interaction,interaction
interaction,interaction
interaction,interaction
interaction,interaction
interaction,interaction
interaction,interaction
interaction,interaction
interaction,interaction
interaction,interaction
interaction,interaction
interaction,interaction
interaction,interaction
interaction,interaction
interaction,interaction
interaction,interaction
interaction,interaction
interaction,interaction
interaction,interaction
interaction,interaction
interaction,interaction
interaction,interaction
interaction,interaction
interaction,interaction
interaction,interaction
interaction,interaction
interaction,interaction
interaction,interaction
interaction,interaction
interaction,interaction
interaction,interaction
interaction,interaction
interaction,interaction
interaction,interaction
interaction,interaction
interaction,interaction
interaction,interaction
interaction,interaction
interaction,interaction
interaction,interaction
interaction,interaction
interaction,interaction
interaction,interaction
interaction,interaction
interaction,interaction
interaction,interaction
interaction,interaction
interaction,interaction
interaction,interaction
interaction,interaction
interaction,interaction
interaction,interaction
interaction,interaction
interaction,interaction
interaction,interaction
interaction,interaction
interaction,interaction
interaction,interaction
interaction,interaction
interaction,interaction
interaction,interaction
interaction,interaction
interaction,interaction
interaction,interaction
interaction,interaction
interaction,interaction
interaction,interaction
interaction,interaction
interaction,interaction
interaction,interaction
interaction,interaction
interaction,interaction
interaction,interaction
interaction,interaction
interaction,interaction
interaction,interaction
interaction,interaction
interaction,interaction
interaction,interaction
interaction,interaction
interaction,interaction
interaction,interaction
interaction,interaction
interaction,interaction
interaction,interaction
interaction,interaction
interaction,interaction
interaction,interaction
interaction,interaction
interaction,interaction
interaction,interaction
interaction,interaction
interaction,interaction
interaction,interaction
interaction,interaction
interaction,interaction
interaction,interaction
interaction,interaction
interaction,interaction
interaction,interaction
interaction,interaction
interaction,interaction
interaction,interaction
interaction,interaction
interaction,interaction
interaction,interaction
interaction,interaction
interaction,interaction
interaction,interaction
interaction,interaction
interaction,interaction
interaction,interaction
interaction,interaction
interaction,interaction
interaction,interaction
interaction,interaction
interaction,interaction
interaction,interaction
interaction,interaction
interaction,interaction
interaction,interaction
interaction,interaction
interaction,interaction
interaction,interaction
interaction,interaction
interaction,interaction
interaction,interaction
interaction,interaction
interaction,interaction
interaction,interaction
interaction,interaction
interaction,interaction
interaction,interaction
interaction,interaction
interaction,interaction
interaction,interaction
interaction,interaction
interaction,interaction
interaction,interaction
interaction,interaction
interaction,interaction
interaction,interaction
interaction,interaction
interaction,interaction
interaction,interaction
interaction,interaction
interaction,interaction
interaction,interaction
interaction,interaction
interaction,interaction
interaction,interaction
interaction,interaction
interaction,interaction
interaction,interaction
interaction,interaction
interaction,interaction
interaction,interaction
interaction,interaction
interaction,interaction
interaction,interaction
interaction,interaction
interaction,interaction
interaction,interaction
interaction,interaction
interaction,interaction
interaction,interaction
interaction,interaction
interaction,interaction
interaction,interaction
interaction,interaction
interaction,interaction
interaction,interaction
interaction,interaction
interaction,interaction
interaction,interaction
interaction,interaction
interaction,interaction
interaction,interaction
interaction,interaction
interaction,interaction
interaction,interaction
interaction,interaction
interaction,interaction
interaction,interaction
interaction,interaction
interaction,interaction
interaction,interaction
interaction,interaction
interaction,interaction
interaction,interaction
interaction,interaction
interaction,interaction
interaction,interaction
interaction,interaction
interaction,interaction
interaction,interaction
interaction,interaction
interaction,interaction
interaction,interaction
interaction,interaction
interaction,interaction
interaction,interaction
interaction,interaction
interaction,interaction
interaction,interaction
interaction,interaction
interaction,interaction
interaction,interaction
interaction,interaction
interaction,interaction
interaction,interaction
interaction,interaction
interaction,interaction
interaction,interaction
interaction,interaction
interaction,interaction
interaction,interaction
interaction,interaction
interaction,interaction
interaction,interaction
interaction,interaction
interaction,interaction
interaction,interaction
interaction,interaction
interaction,interaction
interaction,interaction
interaction,interaction
interaction,interaction
interaction,interaction
interaction,interaction
interaction,interaction
interaction,interaction
interaction,interaction
interaction,interaction
interaction,interaction
interaction,interaction
interaction,interaction
interaction,interaction
interaction,interaction
interaction,interaction
interaction,interaction
interaction,interaction
interaction,interaction
interaction,interaction
interaction,interaction
interaction,interaction
interaction,interaction
interaction,interaction
interaction,interaction
interaction,interaction
interaction,interaction
interaction,interaction
interaction,interaction
interaction,interaction
interaction,interaction
interaction,interaction
interaction,interaction
interaction,interaction
interaction,interaction
interaction,interaction
interaction,interaction
interaction,interaction
interaction,interaction
interaction,interaction
interaction,interaction
interaction,interaction
interaction,interaction
interaction,interaction
interaction,interaction
interaction,interaction
interaction,interaction
interaction,interaction
interaction,interaction
interaction,interaction
interaction,interaction
interaction,interaction
interaction,interaction
interaction,interaction
interaction,interaction
interaction,interaction
interaction,interaction
interaction,interaction
interaction,interaction
interaction,interaction
interaction,interaction
interaction,interaction
interaction,interaction
interaction,interaction
interaction,interaction
interaction,interaction
interaction,interaction
interaction,interaction
interaction,interaction
interaction,interaction
interaction,interaction
interaction,interaction
interaction,interaction
interaction,interaction
interaction,interaction
interaction,interaction
interaction,interaction
interaction,interaction
interaction,interaction
interaction,background
interaction,background
interaction,background
interaction,background
interaction,background
interaction,background
interaction,background
interaction,background
interaction,background
interaction,background
interaction,background
interaction,background
interaction,background
interaction,background
interaction,background
interaction,background
interaction,background
interaction,background
interaction,background
interaction,background
interaction,background
interaction,background
interaction,background
interaction,background
interaction,background
interaction,background
interaction,background
Background,background
Background,background
Background,background
Background,background
Background,background
Background,background
Background,background
Background,background
Background,background
Background,background
Background,background
Background,background
Background,background
Background,background
Background,background
Background,background
Background,background
Background,background
Background,background
Background,background
Background,background
Background,background
Background,background
Background,background
Background,background
Background,background
Background,background
Background,background
Background,background
Background,background
Background,background
Background,background
Background,background
Background,background
Background,background
Background,background
Background,background
Background,background
Background,background
Background,background
Background,background
Background,background
Background,background
Background,background
Background,background
Background,background
Background,background
Background,background
Background,background
Background,background
Background,background
Background,background
Background,background
Background,background
Background,background
Background,background
Background,background
Background,background
Background,background
Background,background
Background,background
Background,background
Background,background
Background,background
Background,background
Background,background
Background,background
Background,background
Background,background
Background,background
Background,background
Background,background
Background,background
Background,background
Background,background
Background,background
Background,background
Background,background
Background,background
Background,background
Background,background
Background,background
Background,background
Background,background
Background,background
Background,background
Background,background
Background,background
Background,background
Background,background
Background,background
Background,background
Background,background
interaction,background
interaction,background
interaction,background
interaction,background
interaction,background
interaction,background
interaction,background
interaction,background
interaction,background
interaction,background
interaction,background
interaction,background
interaction,background
interaction,background
interaction,background
interaction,background
interaction,background
interaction,background
interaction,background
interaction,background
interaction,background
interaction,background
interaction,background
interaction,background
interaction,background
interaction,background
interaction,background
interaction,background
interaction,background
interaction,background
interaction,background
interaction,background
interaction,background
interaction,background
interaction,background
interaction,background
interaction,background
interaction,background
interaction,background
interaction,background
interaction,background
interaction,background
interaction,background
interaction,background
interaction,background
interaction,background
interaction,background
interaction,background
interaction,interaction
interaction,interaction
interaction,interaction
interaction,interaction
interaction,interaction
interaction,interaction
interaction,interaction
interaction,interaction
interaction,interaction
interaction,interaction
interaction,interaction
interaction,interaction
interaction,interaction
interaction,interaction
interaction,interaction
interaction,interaction
interaction,interaction
interaction,interaction
interaction,interaction
interaction,interaction
interaction,interaction
interaction,interaction
interaction,interaction
interaction,interaction
interaction,interaction
interaction,interaction
interaction,interaction
interaction,interaction
interaction,interaction
interaction,interaction
interaction,interaction
interaction,interaction
interaction,interaction
interaction,interaction
interaction,interaction
interaction,interaction
interaction,interaction
interaction,interaction
interaction,interaction
interaction,interaction
interaction,interaction
interaction,interaction
interaction,interaction
interaction,interaction
interaction,interaction
interaction,interaction
interaction,interaction
interaction,interaction
interaction,interaction
interaction,interaction
interaction,interaction
interaction,interaction
interaction,interaction
interaction,interaction
interaction,interaction
interaction,interaction
interaction,interaction
interaction,interaction
interaction,interaction
interaction,interaction
interaction,interaction
interaction,interaction
interaction,interaction
interaction,interaction
interaction,interaction
interaction,interaction
interaction,interaction
interaction,interaction
interaction,interaction
interaction,interaction
interaction,interaction
interaction,interaction
interaction,interaction
interaction,interaction
interaction,interaction
interaction,interaction
interaction,interaction
interaction,interaction
interaction,interaction
interaction,interaction
interaction,interaction
interaction,interaction
interaction,interaction
interaction,interaction
interaction,interaction
interaction,interaction
interaction,interaction
interaction,interaction
interaction,interaction
interaction,interaction
interaction,interaction
interaction,interaction
interaction,interaction
interaction,interaction
interaction,interaction
interaction,interaction
interaction,interaction
interaction,interaction
interaction,interaction
interaction,interaction
interaction,interaction
interaction,interaction
interaction,interaction
interaction,interaction
interaction,interaction
interaction,interaction
interaction,interaction
interaction,interaction
interaction,interaction
interaction,interaction
interaction,interaction
interaction,interaction
interaction,interaction
interaction,interaction
interaction,interaction
interaction,interaction
interaction,interaction
interaction,interaction
interaction,interaction
interaction,interaction
interaction,interaction
interaction,interaction
interaction,interaction
interaction,interaction
interaction,interaction
interaction,interaction
interaction,interaction
interaction,interaction
interaction,interaction
interaction,interaction
interaction,interaction
interaction,interaction
interaction,interaction
interaction,interaction
interaction,interaction
interaction,interaction
interaction,interaction
interaction,interaction
interaction,interaction
interaction,interaction
interaction,interaction
interaction,interaction
interaction,interaction
interaction,interaction
interaction,interaction
interaction,interaction
interaction,interaction
interaction,interaction
interaction,interaction
interaction,interaction
interaction,interaction
interaction,interaction
interaction,interaction
interaction,interaction
interaction,interaction
interaction,interaction
interaction,interaction
interaction,interaction
interaction,interaction
interaction,interaction
interaction,interaction
interaction,interaction
interaction,interaction
interaction,interaction
interaction,interaction
interaction,interaction
interaction,interaction
interaction,interaction
interaction,interaction
interaction,interaction
interaction,interaction
interaction,interaction
interaction,interaction
interaction,interaction
interaction,interaction
interaction,interaction
interaction,interaction
interaction,interaction
interaction,interaction
interaction,interaction
interaction,interaction
interaction,interaction
interaction,interaction
interaction,interaction
interaction,interaction
interaction,interaction
interaction,interaction
interaction,interaction
interaction,interaction
interaction,interaction
interaction,interaction
interaction,interaction
interaction,interaction
interaction,interaction
interaction,interaction
interaction,interaction
interaction,interaction
interaction,interaction
interaction,interaction
interaction,interaction
interaction,interaction
interaction,interaction
interaction,interaction
interaction,interaction
interaction,interaction
interaction,interaction
interaction,interaction
interaction,interaction
interaction,interaction
interaction,interaction
interaction,interaction
interaction,interaction
interaction,interaction
interaction,interaction
interaction,interaction
interaction,interaction
interaction,interaction
interaction,interaction
interaction,interaction
interaction,interaction
interaction,interaction
interaction,interaction
interaction,interaction
interaction,interaction
interaction,interaction
interaction,interaction
interaction,interaction
interaction,interaction
interaction,interaction
interaction,interaction
interaction,interaction
interaction,interaction
interaction,interaction
interaction,interaction
interaction,interaction
interaction,interaction
interaction,interaction
interaction,interaction
interaction,interaction
interaction,interaction
interaction,interaction
interaction,interaction
interaction,interaction
interaction,interaction
interaction,interaction
interaction,interaction
interaction,interaction
interaction,interaction
interaction,interaction
interaction,interaction
interaction,interaction
interaction,interaction
interaction,interaction
interaction,interaction
interaction,interaction
interaction,interaction
interaction,interaction
interaction,interaction
interaction,interaction
interaction,interaction
interaction,interaction
interaction,interaction
interaction,interaction
interaction,interaction
interaction,interaction
interaction,interaction
interaction,interaction
interaction,interaction
interaction,interaction
interaction,interaction
interaction,interaction
interaction,interaction
interaction,interaction
interaction,interaction
interaction,interaction
interaction,interaction
interaction,interaction
interaction,interaction
interaction,interaction
interaction,interaction
interaction,interaction
interaction,interaction
interaction,interaction
interaction,interaction
interaction,interaction
interaction,interaction
interaction,interaction
interaction,interaction
interaction,interaction
interaction,interaction
interaction,interaction
interaction,interaction
interaction,interaction
interaction,interaction
interaction,interaction
interaction,interaction
interaction,interaction
interaction,interaction
interaction,interaction
interaction,interaction
interaction,interaction
interaction,interaction
interaction,interaction
interaction,interaction
interaction,interaction
interaction,interaction
interaction,interaction
interaction,interaction
interaction,interaction
interaction,interaction
interaction,interaction
interaction,interaction
interaction,interaction
interaction,interaction
interaction,interaction
interaction,interaction
interaction,interaction
interaction,interaction
interaction,interaction
interaction,interaction
interaction,interaction
interaction,interaction
interaction,interaction
interaction,interaction
interaction,interaction
interaction,interaction
interaction,interaction
interaction,interaction
interaction,interaction
interaction,interaction
interaction,interaction
interaction,interaction
interaction,interaction
interaction,interaction
interaction,interaction
interaction,interaction
interaction,interaction
interaction,interaction
interaction,interaction
interaction,interaction
interaction,interaction
interaction,interaction
interaction,interaction
interaction,interaction
interaction,interaction
interaction,interaction
interaction,interaction
interaction,interaction
interaction,interaction
interaction,interaction
interaction,interaction
interaction,interaction
interaction,interaction
interaction,interaction
interaction,interaction
interaction,interaction
interaction,interaction
interaction,interaction
interaction,interaction
interaction,interaction
interaction,interaction
interaction,interaction
interaction,interaction
interaction,interaction
interaction,interaction
interaction,interaction
interaction,interaction
interaction,interaction
interaction,interaction
interaction,interaction
interaction,interaction
interaction,interaction
interaction,interaction
interaction,interaction
interaction,interaction
interaction,interaction
interaction,interaction
interaction,interaction
interaction,interaction
interaction,interaction
interaction,interaction
interaction,interaction
interaction,interaction
interaction,interaction
interaction,interaction
interaction,interaction
interaction,interaction
interaction,interaction
interaction,interaction
interaction,interaction
interaction,interaction
interaction,interaction
interaction,interaction
interaction,interaction
interaction,interaction
interaction,interaction
interaction,interaction
interaction,interaction
interaction,interaction
interaction,interaction
interaction,interaction
interaction,interaction
interaction,interaction
interaction,interaction
interaction,interaction
interaction,interaction
interaction,interaction
interaction,interaction
interaction,interaction
interaction,interaction
interaction,interaction
interaction,interaction
interaction,interaction
interaction,interaction
interaction,interaction
interaction,interaction
interaction,interaction
interaction,interaction
interaction,interaction
interaction,interaction
interaction,interaction
interaction,interaction
interaction,interaction
interaction,interaction
interaction,interaction
interaction,interaction
interaction,interaction
interaction,interaction
interaction,interaction
interaction,interaction
interaction,interaction
interaction,interaction
interaction,interaction
interaction,interaction
interaction,interaction
interaction,interaction
interaction,interaction
interaction,interaction
interaction,interaction
interaction,interaction
interaction,interaction
interaction,interaction
interaction,interaction
interaction,interaction
interaction,interaction
interaction,interaction
interaction,interaction
interaction,interaction
interaction,interaction
interaction,interaction
interaction,interaction
interaction,interaction
interaction,interaction
interaction,interaction
interaction,interaction
interaction,interaction
interaction,interaction
interaction,interaction
interaction,interaction
interaction,interaction
interaction,interaction
interaction,interaction
interaction,interaction
interaction,interaction
interaction,interaction
interaction,interaction
interaction,interaction
interaction,interaction
interaction,interaction
Background,interaction
Background,interaction
Background,background
Background,background
Background,background
Background,background
Background,background
Background,background
Background,background
Background,background
Background,background
Background,background
Background,background
Background,background
Background,background
Background,background
Background,background
Background,background
Background,background
Background,background
Background,background
Background,background
Background,background
Background,background
Background,background
Background,background
Background,background
Background,background
Background,background
Background,background
Background,background
Background,background
Background,background
Background,background
Background,background
Background,background
Background,background
Background,background
Background,background
Background,background
Background,background
Background,background
Background,background
Background,background
Background,background
Background,background
Background,background
Background,background
Background,background
Background,background
Background,background
Background,background
Background,background
Background,background
Background,background
Background,background
Background,background
Background,background
Background,background
Background,background
Background,background
Background,background
Background,background
Background,background
Background,background
Background,background
Background,background
Background,background
Background,background
Background,background
Background,background
Background,background
Background,background
Background,background
Background,background
Background,background
Background,background
Background,background
Background,background
Background,background
Background,background
Background,background
Background,background
Background,background
Background,background
Background,background
Background,background
Background,background
Background,background
Background,background
Background,background
Background,background
Background,background
Background,background
Background,background
Background,background
Background,background
Background,background
Background,background
Background,background
Background,background
Background,background
Background,background
Background,background
Background,background
Background,background
Background,background
Background,background
Background,background
Background,background
Background,background
Background,background
Background,background
Background,background
Background,background
Background,background
Background,background
Background,background
Background,background
Background,background
Background,background
Background,background
Background,background
Background,background
Background,background
Background,background
Background,background
Background,background
Background,background
Background,background
Background,background
Background,background
Background,background
Background,background
Background,background
Background,background
Background,background
Background,background
Background,background
Background,background
Background,background
Background,background
Background,background
Background,background
Background,background
Background,background
Background,background
Background,background
Background,background
Background,background
Background,background
Background,background
Background,background
Background,background
Background,background
Background,background
Background,background
Background,background
Background,background
Background,background
Background,background
Background,background
Background,background
Background,background
Background,background
Background,background
Background,background
Background,background
Background,background
Background,background
Background,background
Background,background
Background,background
Background,background
Background,background
Background,background
Background,background
Background,background
Background,background
Background,background
Background,background
Background,background
Background,background
Background,background
Background,background
Background,background
Background,background
Background,background
Background,background
Background,background
Background,background
Background,background
Background,background
Background,background
Background,background
Background,background
Background,background
Background,background
Background,background
Background,background
Background,background
Background,background
Background,background
Background,background
Background,background
Background,background
Background,background
Background,background
Background,background
Background,background
Background,background
Background,background
Background,background
Background,background
Background,background
Background,background
Background,background
Background,background
Background,background
Background,background
Background,background
Background,background
Background,background
Background,background
Background,background
Background,background
Background,background
Background,background
Background,background
Background,background
Background,background
Background,background
Background,background
Background,background
Background,background
Background,background
Background,background
Background,background
Background,background
Background,background
Background,background
Background,background
Background,background
Background,background
Background,background
Background,background
Background,background
Background,background
Background,background
Background,background
Background,background
Background,background
Background,background
Background,background
Background,background
Background,background
Background,background
Background,background
Background,background
Background,background
Background,background
Background,background
Background,background
Background,background
Background,background
Background,background
Background,background
Background,background
Background,background
Background,background
Background,background
Background,background
Background,background
Background,background
Background,background
Background,background
Background,background
Background,background
Background,background
Background,background
Background,background
Background,background
Background,background
Background,background
Background,background
Background,background
Background,background
Background,background
Background,background
Background,background
Background,background
Background,background
Background,background
Background,background
Background,background
Background,background
Background,background
Background,background
Background,background
Background,background
Background,background
Background,background
Background,background
Background,background
Background,background
Background,background
Background,background
Background,background
Background,background
Background,background
Background,background
Background,background
Background,background
Background,background
Background,background
Background,background
Background,background
Background,background
Background,background
Background,background
Background,background
Background,background
Background,background
Background,background
Background,background
Background,background
Background,background
Background,background
Background,background
Background,background
Background,background
Background,background
Background,background
Background,background
Background,background
Background,background
Background,background
Background,background
Background,background
Background,background
Background,background
Background,background
Background,background
Background,background
Background,background
Background,background
Background,background
Background,background
Background,background
Background,background
Background,background
Background,background
Background,background
Background,background
Background,background
Background,background
Background,background
Background,background
Background,background
Background,background
Background,background
Background,background
Background,background
Background,background
Background,background
Background,background
Background,background
Background,background
Background,background
Background,background
Background,background
Background,background
Background,background
Background,background
Background,background
Background,background
Background,background
Background,background
Background,background
Background,background
Background,background
Background,background
Background,background
Background,background
Background,background
Background,background
Background,background
Background,background
Background,background
Background,background
Background,background
Background,background
Background,background
Background,background
Background,background
Background,background
Background,background
Background,background
Background,background
Background,background
Background,background
Background,background
Background,background
Background,background
Background,background
Background,background
Background,background
Background,background
Background,background
Background,background
Background,background
Background,background
Background,background
Background,background
Background,background
Background,background
Background,background
Background,background
Background,background
Background,background
Background,background
Background,background
Background,background
Background,background
Background,background
Background,background
Background,background
Background,background
Background,background
Background,background
Background,background
Background,background
Background,background
Background,background
Background,background
Background,background
Background,background
Background,background
Background,background
Background,background
Background,background
Background,background
Background,background
Background,background
Background,background
Background,background
Background,background
Background,background
Background,background
Background,background
Background,background
Background,background
Background,background
Background,background
Background,background
Background,background
Background,background
Background,background
Background,background
Background,background
Background,background
Background,background
Background,background
Background,background
Background,background
Background,background
Background,background
Background,background
Background,background
Background,background
Background,background
Background,background
Background,background
Background,background
Background,background
Background,background
Background,background
Background,background
Background,background
Background,background
Background,background
Background,background
Background,background
Background,background
Background,background
Background,background
Background,background
Background,background
Background,background
Background,background
Background,background
Background,background
Background,background
Background,background
Background,background
Background,background
Background,background
Background,background
Background,background
Background,background
Background,background
Background,background
Background,background
Background,background
Background,background
Background,background
Background,background
Background,background
Background,background
Background,background
Background,background
Background,background
Background,background
Background,background
Background,background
Background,background
Background,background
Background,background
Background,background
Background,background
Background,background
Background,background
Background,background
Background,background
Background,background
Background,background
Background,background
Background,background
Background,background
Background,background
Background,background
Background,background
Background,background
Background,background
Background,background
Background,background
Background,background
Background,background
Background,background
Background,background
Background,background
Background,background
Background,background
Background,background
Background,background
Background,background
Background,background
Background,background
Background,background
Background,background
Background,background
Background,background
Background,background
Background,background
Background,background
Background,background
Background,background
Background,background
Background,background
Background,background
Background,background
Background,background
Background,background
Background,background
Background,background
Background,background
Background,background
Background,background
Background,background
Background,background
Background,background
Background,background
Background,background
Background,background
Background,background
Background,background
Background,background
Background,background
Background,background
Background,background
Background,background
Background,background
Background,background
Background,background
Background,background
Background,background
Background,background
Background,background
Background,background
Background,background
Background,background
Background,background
Background,background
Background,background
Background,background
Background,background
Background,background
Background,background
Background,background
Background,background
Background,background
Background,background
Background,background
Background,background
Background,background
Background,background
Background,background
Background,background
Background,background
Background,background
Background,background
Background,background
Background,background
Background,background
Background,background
Background,background
Background,background
Background,background
Background,background
Background,background
Background,background
Background,background
Background,background
Background,background
Background,background
Background,background
Background,background
Background,background
Background,background
Background,background
Background,background
Background,background
Background,background
Background,background
Background,background
Background,background
Background,background
Background,background
Background,background
Background,background
Background,background
Background,background
Background,background
Background,background
Background,background
Background,background
Background,background
Background,background
Background,background
Background,background
Background,background
Background,background
Background,background
Background,background
Background,background
Background,background
Background,background
Background,background
Background,background
Background,background
Background,background
Background,background
Background,background
Background,background
Background,background
Background,background
Background,background
Background,background
Background,background
Background,background
Background,background
Background,background
Background,background
Background,background
Background,background
Background,background
Background,background
Background,background
Background,background
Background,background
Background,background
Background,background
Background,background
Background,background
Background,background
Background,background
Background,background
Background,background
Background,background
Background,background
Background,background
Background,background
Background,background
Background,background
Background,background
Background,background
Background,background
Background,background
Background,background
Background,background
Background,background
Background,background
Background,background
Background,background
Background,background
Background,background
Background,background
Background,background
Background,background
Background,background
Background,background
Background,background
Background,background
Background,background
Background,background
Background,background
Background,background
Background,background
Background,background
Background,background
Background,background
Background,background
Background,background
Background,background
Background,background
Background,background
Background,background
Background,background
Background,background
Background,background
Background,background
Background,background
Background,background
Background,background
Background,background
Background,background
Background,background
Background,background
Background,background
Background,background
Background,background
Background,background
Background,background
Background,background
Background,background
Background,background
Background,background
Background,background
Background,background
Background,background
Background,background
Background,background
Background,background
Background,background
Background,background
Background,background
Background,background
Background,background
Background,background
Background,background
Background,background
Background,background
Background,background
Background,background
Background,background
Background,background
Background,background
Background,background
Background,background
Background,background
Background,background
Background,background
Background,background
Background,background
Background,background
Background,background
Background,background
Background,background
Background,background
Background,background
Background,background
posing,background
posing,background
posing,background
posing,background
posing,background
posing,background
posing,background
Background,background
Background,background
Background,background
Background,background
Background,background
Background,background
Background,background
Background,background
Background,background
Background,background
Background,background
Background,background
Background,background
Background,background
Background,background
Background,background
Background,background
Background,background
Background,background
Background,background
Background,background
Background,background
Background,background
Background,background
Background,background
Background,background
Background,background
Background,background
Background,background
Background,background
Background,background
Background,background
Background,background
Background,background
Background,background
Background,background
Background,background
interaction,background
interaction,background
interaction,background
interaction,background
interaction,background
interaction,background
interaction,background
interaction,background
interaction,background
interaction,background
interaction,background
interaction,background
interaction,background
interaction,background
interaction,background
interaction,background
interaction,background
interaction,background
interaction,background
interaction,background
interaction,background
interaction,background
interaction,background
interaction,background
interaction,background
interaction,background
interaction,background
interaction,background
interaction,background
interaction,background
interaction,background
interaction,background
interaction,background
interaction,background
interaction,background
interaction,background
interaction,background
interaction,background
interaction,background
interaction,background
interaction,background
interaction,background
interaction,background
interaction,background
interaction,background
interaction,background
interaction,background
interaction,background
interaction,background
interaction,background
interaction,background
interaction,background
interaction,background
interaction,background
interaction,background
interaction,background
interaction,background
interaction,background
interaction,background
interaction,background
interaction,background
interaction,background
interaction,background
interaction,background
interaction,background
interaction,background
interaction,background
interaction,background
interaction,background
interaction,background
interaction,background
interaction,background
interaction,background
interaction,background
interaction,background
interaction,background
interaction,background
interaction,background
interaction,background
interaction,background
interaction,background
interaction,background
interaction,background
interaction,background
interaction,background
Background,background
Background,background
Background,background
Background,background
Background,background
Background,background
Background,background
Background,background
Background,background
Background,background
Background,background
Background,background
Background,background
Background,background
Background,background
Background,background
Background,background
Background,background
Background,background
Background,background
Background,background
Background,background
Background,background
Background,background
Background,background
Background,background
Background,background
Background,background
Background,background
Background,background
Background,background
Background,background
Background,background
Background,background
Background,background
Background,background
Background,background
Background,background
Background,background
Background,background
Background,background
Background,background
Background,background
Background,background
Background,background
Background,background
Background,background
Background,background
Background,background
Background,background
Background,background
Background,background
Background,background
Background,background
Background,background
Background,background
Background,background
Background,background
Background,background
Background,background
Background,background
Background,background
Background,background
Background,background
Background,background
Background,background
Background,background
Background,background
Background,background
Background,background
Background,background
Background,background
Background,background
Background,background
Background,background
Background,background
Background,background
Background,background
Background,background
Background,background
Background,background
Background,background
Background,background
Background,background
Background,background
Background,background
Background,background
Background,background
Background,background
Background,background
Background,background
Background,background
Background,background
Background,background
Background,background
Background,background
Background,background
Background,background
Background,background
Background,background
Background,background
Background,background
Background,background
Background,background
Background,background
Background,background
Background,background
Background,background
Background,background
Background,background
Background,background
Background,background
Background,background
Background,background
Background,background
Background,background
Background,background
Background,background
Background,background
Background,background
interaction,background
interaction,background
interaction,background
interaction,background
interaction,background
interaction,background
interaction,background
interaction,background
interaction,background
interaction,background
interaction,background
interaction,background
interaction,background
interaction,background
interaction,background
interaction,background
interaction,background
interaction,background
interaction,background
interaction,background
interaction,background
interaction,background
interaction,background
interaction,background
interaction,background
interaction,background
interaction,background
interaction,background
interaction,background
interaction,background
interaction,background
interaction,background
interaction,background
interaction,background
interaction,background
interaction,background
interaction,background
interaction,background
interaction,background
interaction,background
interaction,background
interaction,background
interaction,background
interaction,background
interaction,background
interaction,background
interaction,background
interaction,background
interaction,background
interaction,background
interaction,background
interaction,background
Background,background
Background,background
Background,background
Background,background
Background,background
Background,background
Background,background
Background,background
Background,background
Background,background
Background,background
Background,background
Background,background
Background,background
Background,background
Background,background
Background,background
Background,background
Background,background
Background,background
Background,background
Background,background
Background,background
Background,background
Background,background
Background,background
Background,background
Background,background
Background,background
Background,background
Background,background
Background,background
Background,background
Background,background
Background,background
Background,background
Background,background
Background,background
Background,background
Background,background
Background,background
Background,background
Background,background
Background,background
Background,background
Background,background
Background,background
Background,background
Background,background
Background,background
Background,background
Background,background
Background,background
Background,background
Background,background
Background,background
Background,background
Background,background
Background,background
Background,background
Background,background
Background,background
Background,background
Background,background
Background,background
Background,background
Background,background
Background,background
Background,background
Background,background
Background,background
Background,background
Background,background
Background,background
Background,background
Background,background
Background,background
Background,background
Background,background
Background,background
Background,background
Background,background
Background,background
Background,background
Background,background
Background,background
Background,background
Background,background
Background,background
Background,background
Background,background
Background,background
Background,background
Background,background
Background,background
Background,background
Background,background
Background,background
Background,background
Background,background
Background,background
Background,background
Background,background
Background,background
Background,background
Background,background
Background,background
Background,background
Background,background
Background,background
Background,background
Background,background
Background,background
Background,background
Background,background
Background,background
Background,background
Background,background
Background,background
Background,background
Background,background
Background,background
Background,background
Background,background
Background,background
Background,background
Background,background
Background,background
Background,background
Background,background
Background,background
Background,background
Background,background
Background,background
Background,background
Background,background
Background,background
Background,background
Background,background
Background,background
Background,background
Background,background
Background,background
Background,background
Background,background
Background,background
Background,background
Background,background
Background,background
Background,background
Background,background
Background,background
Background,background
Background,background
Background,background
Background,background
Background,background
Background,background
Background,background
Background,background
Background,background
Background,background
Background,background
Background,background
Background,background
Background,background
Background,background
Background,background
Background,background
Background,background
Background,background
Background,background
Background,background
Background,background
Background,background
Background,background
Background,background
Background,background
Background,background
Background,background
Background,background
Background,background
Background,background
Background,background
Background,background
Background,background
Background,background
Background,background
Background,background
Background,background
Background,background
Background,background
Background,background
Background,background
Background,background
Background,background
Background,background
Background,background
Background,background
Background,background
Background,background
Background,background
Background,background
Background,background
Background,background
Background,background
Background,background
Background,background
Background,background
Background,background
Background,background
Background,background
Background,background
Background,background
Background,background
Background,background
Background,background
Background,background
Background,background
Background,background
Background,background
Background,background
Background,background
Background,background
Background,background
Background,background
Background,background
Background,background
Background,background
Background,background
Background,background
Background,background
Background,background
Background,background
Background,background
Background,background
Background,background
Background,background
Background,background
Background,background
Background,background
Background,background
Background,background
Background,background
Background,background
Background,background
Background,background
Background,background
Background,background
Background,background
Background,background
Background,background
Background,background
Background,background
Background,background
Background,background
Background,background
Background,background
Background,background
Background,background
Background,background
Background,background
Background,background
Background,background
Background,background
Background,background
Background,background
Background,background
Background,background
Background,background
Background,background
Background,background
Background,background
Background,background
Background,background
Background,background
Background,background
Background,background
Background,background
Background,background
Background,background
Background,background
Background,background
Background,background
Background,background
Background,background
Background,background
Background,background
Background,background
Background,background
Background,background
Background,background
Background,background
Background,background
Background,background
Background,background
Background,background
Background,background
Background,background
Background,background
Background,background
Background,background
Background,background
Background,background
Background,background
Background,background
Background,background
Background,background
Background,background
Background,background
Background,background
Background,background
Background,background
Background,background
Background,background
Background,background
Background,background
Background,background
Background,background
Background,background
Background,background
Background,background
Background,background
Background,background
Background,background
Background,background
Background,background
Background,background
Background,background
Background,background
Background,background
Background,background
Background,background
Background,background
Background,background
Background,background
Background,background
Background,background
Background,background
Background,background
Background,background
Background,background
Background,background
Background,background
Background,background
Background,background
Background,background
Background,background
Background,background
Background,background
Background,background
Background,background
Background,background
Background,background
Background,background
Background,background
Background,background
Background,background
Background,background
Background,background
Background,background
Background,background
Background,background
Background,background
Background,background
Background,background
Background,background
Background,background
Background,background
Background,background
Background,background
Background,background
Background,background
Background,background
Background,background
Background,background
Background,background
Background,background
Background,background
Background,background
Background,background
Background,background
Background,background
Background,background
Background,background
Background,background
Background,background
Background,background
Background,background
Background,background
Background,background
Background,background
Background,background
Background,background
Background,background
Background,background
Background,background
Background,background
Background,background
Background,background
Background,background
Background,background
Background,background
Background,background
Background,background
Background,background
Background,background
Background,background
Background,background
Background,background
Background,background
Background,background
Background,background
Background,background
Background,background
Background,background
Background,background
Background,background
Background,background
Background,background
Background,background
Background,background
Background,background
Background,background
Background,background
Background,background
Background,background
Background,background
Background,background
Background,background
Background,background
Background,background
Background,background
Background,background
Background,background
Background,background
Background,background
Background,background
Background,background
Background,background
Background,background
Background,background
Background,background
Background,background
Background,background
Background,background
Background,background
Background,background
Background,background
Background,background
Background,background
Background,background
Background,background
Background,background
Background,background
Background,background
Background,background
Background,background
Background,background
Background,background
Background,background
Background,background
Background,background
Background,background
Background,background
Background,background
Background,background
Background,background
Background,background
Background,background
Background,background
Background,background
Background,background
Background,background
Background,background
Background,background
Background,background
Background,background
Background,background
Background,background
Background,background
Background,background
Background,background
Background,background
Background,background
Background,background
Background,background
Background,background
Background,background
Background,background
Background,background
Background,background
Background,background
Background,background
Background,background
Background,background
Background,background
Background,background
Background,background
Background,background
Background,background
Background,background
Background,background
Background,background
Background,background
Background,background
Background,background
Background,background
Background,background
Background,background
Background,background
Background,background
Background,background
Background,background
Background,background
Background,background
Background,background
Background,background
Background,background
Background,background
Background,background
Background,background
Background,background
Background,background
Background,background
Background,background
Background,background
Background,background
Background,background
Background,background
Background,background
Background,background
Background,background
Background,background
Background,background
Background,background
Background,background
Background,background
Background,background
Background,background
Background,background
Background,background
Background,background
Background,background
Background,background
Background,background
Background,background
Background,background
Background,background
Background,background
Background,background
Background,background
Background,background
Background,background
Background,background
Background,background
Background,background
Background,background
Background,background
Background,background
Background,background
Background,background
Background,background
Background,background
Background,background
Background,background
Background,background
Background,background
Background,background
Background,background
Background,background
Background,background
Background,background
Background,background
Background,background
Background,background
Background,background
Background,background
Background,background
Background,background
Background,background
Background,background
Background,background
Background,background
Background,background
Background,background
Background,background
Background,background
Background,background
Background,background
Background,background
Background,background
Background,background
Background,background
Background,background
Background,background
Background,background
Background,background
Background,background
Background,background
Background,background
Background,background
Background,background
Background,background
Background,background
Background,background
Background,background
Background,background
Background,background
Background,background
Background,background
Background,background
Background,background
Background,background
Background,background
Background,background
Background,background
Background,background
Background,background
Background,background
Background,background
Background,background
Background,background
Background,background
Background,background
Background,background
Background,background
Background,background
Background,background
Background,background
Background,background
Background,background
Background,background
Background,background
Background,background
Background,background
Background,background
Background,background
Background,background
Background,background
Background,background
Background,background
Background,background
Background,background
Background,background
Background,background
Background,background
Background,background
Background,background
Background,background
Background,background
Background,background
Background,background
Background,background
Background,background
Background,background
Background,background
Background,background
Background,background
Background,background
Background,background
Background,background
Background,background
Background,background
Background,background
Background,background
Background,background
Background,background
Background,background
Background,background
Background,background
Background,background
Background,background
Background,background
Background,background
Background,background
Background,background
Background,background
Background,background
Background,background
Background,background
Background,background
Background,background
Background,background
Background,background
Background,background
Background,background
Background,background
Background,background
Background,background
Background,background
Background,background
Background,background
Background,background
Background,background
Background,background
Background,background
Background,background
Background,background
Background,background
Background,background
Background,background
Background,background
Background,background
Background,background
Background,background
Background,background
Background,background
Background,background
Background,background
Background,background
Background,background
Background,background
Background,background
Background,background
Background,background
Background,background
Background,background
Background,background
Background,background
Background,background
Background,background
Background,background
Background,background
Background,background
Background,background
Background,background
Background,background
Background,background
Background,background
Background,background
Background,background
Background,background
Background,background
Background,background
Background,background
Background,background
Background,background
Background,background
Background,background
Background,background
Background,background
Background,background
Background,background
Background,background
Background,background
Background,background
Background,background
Background,background
Background,background
Background,background
Background,background
Background,background
Background,background
Background,background
Background,background
Background,background
Background,background
Background,background
Background,background
Background,background
Background,background
Background,background
Background,background
Background,background
Background,background
Background,background
Background,background
Background,background
Background,background
Background,background
Background,background
Background,background
Background,background
Background,background
Background,background
Background,background
Background,background
Background,background
Background,background
Background,background
Background,background
Background,background
Background,background
Background,background
Background,background
Background,background
Background,background
Background,background
Background,background
Background,background
Background,background
Background,background
Background,background
Background,background
Background,background
Background,background
Background,background
Background,background
Background,background
Background,background
Background,background
Background,background
Background,background
Background,background
Background,background
Background,background
Background,background
Background,background
Background,background
Background,background
Background,background
Background,background
Background,background
Background,background
Background,background
Background,background
Background,background
Background,background
Background,background
Background,background
Background,background
Background,background
Background,background
Background,background
Background,background
Background,background
Background,background
Background,background
Background,background
Background,background
Background,background
Background,background
Background,background
Background,background
Background,background
Background,background
Background,background
Background,background
Background,background
Background,background
Background,background
Background,background
Background,background
Background,background
Background,background
Background,background
Background,background
Background,background
Background,background
Background,background
Background,background
Background,background
Background,background
Background,background
Background,background
Background,background
Background,background
Background,background
Background,background
Background,background
Background,background
Background,background
Background,background
Background,background
Background,background
Background,background
Background,background
Background,background
Background,background
Background,background
Background,background
Background,background
Background,background
Background,background
Background,background
Background,background
Background,background
Background,background
Background,background
Background,background
Background,background
Background,background
Background,background
Background,background
Background,background
Background,background
Background,background
Background,background
Background,background
Background,background
Background,background
Background,background
Background,background
Background,background
Background,background
Background,background
Background,background
Background,background
Background,background
Background,background
Background,background
Background,background
Background,background
Background,background
Background,background
Background,background
Background,background
Background,background
Background,background
Background,background
Background,background
Background,background
Background,background
Background,background
Background,background
Background,background
Background,background
Background,background
Background,background
Background,background
Background,background
Background,background
Background,background
Background,background
Background,background
Background,background
Background,background
Background,background
Background,background
Background,background
Background,background
Background,background
Background,background
Background,background
Background,background
Background,background
Background,background
Background,background
Background,background
Background,background
Background,background
Background,background
Background,background
Background,background
Background,background
Background,background
Background,background
Background,background
Background,background
Background,background
Background,background
Background,background
Background,background
Background,background
Background,background
Background,background
Background,background
Background,background
Background,background
Background,background
Background,background
Background,background
Background,background
Background,background
Background,background
Background,background
Background,background
Background,background
Background,background
Background,background
Background,background
Background,background
Background,background
Background,background
Background,background
Background,background
Background,background
Background,background
Background,background
Background,background
Background,background
Background,background
Background,background
Background,background
Background,background
Background,background
Background,background
Background,background
Background,background
Background,background
Background,background
Background,background
Background,background
Background,background
Background,background
Background,background
Background,background
Background,background
Background,background
Background,background
Background,background
Background,background
Background,background
Background,background
Background,background
Background,background
Background,background
Background,background
Background,background
Background,background
Background,background
Background,background
Background,background
Background,background
Background,background
Background,background
Background,background
Background,background
Background,background
Background,background
Background,background
Background,background
Background,background
Background,background
Background,background
Background,background
Background,background
Background,background
Background,background
Background,background
Background,background
Background,background
Background,background
Background,background
Background,background
Background,background
Background,background
Background,background
Background,background
Background,background
Background,background
Background,background
Background,background
Background,background
Background,background
Background,background
Background,background
Background,background
Background,background
Background,background
Background,background
Background,background
Background,background
Background,background
Background,background
Background,background
Background,background
Background,background
Background,background
Background,background
Background,background
Background,background
Background,background
Background,background
Background,background
Background,background
Background,background
Background,background
Background,background
Background,background
Background,background
Background,background
Background,background
Background,background
Background,background
Background,background
Background,background
Background,background
Background,background
Background,background
Background,background
Background,background
Background,background
Background,background
Background,background
Background,background
Background,background
Background,background
Background,background
Background,background
Background,background
Background,background
Background,background
Background,background
Background,background
Background,background
Background,background
Background,background
Background,background
Background,background
Background,background
Background,background
Background,background
Background,background
Background,background
Background,background
Background,background
Background,background
Background,background
Background,background
Background,background
Background,background
Background,background
Background,background
Background,background
Background,background
Background,background
Background,background
Background,background
Background,background
Background,background
Background,background
Background,background
Background,background
Background,background
Background,background
Background,background
Background,background
Background,background
Background,background
Background,background
Background,background
Background,background
Background,background
Background,background
Background,background
Background,background
Background,background
Background,background
posing,background
posing,background
posing,background
posing,background
posing,background
posing,background
posing,background
Background,background
Background,background
Background,background
Background,background
Background,background
Background,background
Background,background
Background,background
Background,background
Background,background
Background,background
Background,background
Background,background
Background,background
Background,background
Background,background
Background,background
Background,background
Background,background
Background,background
Background,background
Background,background
Background,background
Background,background
Background,background
Background,background
Background,background
Background,background
Background,background
Background,background
Background,background
Background,background
Background,background
Background,background
Background,background
Background,background
Background,background
Background,background
Background,background
Background,background
Background,background
Background,background
Background,background
Background,background
Background,background
Background,background
Background,background
Background,background
Background,background
Background,background
Background,background
Background,background
Background,background
Background,background
Background,background
Background,background
Background,background
Background,background
Background,background
Background,background
Background,background
Background,background
Background,background
Background,background
Background,background
Background,background
Background,background
Background,background
Background,background
Background,background
Background,background
Background,background
Background,background
Background,background
Background,background
Background,background
Background,background
Background,background
Background,background
Background,background
Background,background
Background,background
Background,background
Background,background
Background,background
Background,background
Background,background
Background,background
Background,background
Background,background
Background,background
Background,background
Background,background
Background,background
Background,background
Background,background
Background,background
Background,background
Background,background
Background,background
Background,background
Background,background
Background,background
interaction,background
interaction,background
interaction,background
interaction,background
interaction,background
interaction,background
interaction,background
interaction,background
interaction,background
interaction,background
interaction,background
interaction,background
interaction,background
interaction,background
interaction,background
interaction,background
interaction,background
interaction,background
interaction,background
interaction,background
interaction,background
interaction,background
interaction,background
interaction,background
interaction,background
interaction,background
interaction,background
interaction,background
interaction,background
interaction,background
interaction,background
interaction,background
interaction,background
interaction,background
interaction,background
interaction,background
interaction,background
interaction,background
interaction,background
interaction,background
interaction,background
interaction,background
interaction,background
interaction,background
interaction,background
interaction,background
interaction,background
interaction,background
interaction,background
interaction,background
interaction,background
interaction,background
interaction,background
interaction,background
interaction,background
interaction,background
interaction,background
interaction,background
interaction,background
interaction,background
interaction,background
Background,background
Background,background
Background,background
Background,background
Background,background
Background,background
Background,background
Background,background
Background,background
Background,background
Background,background
Background,background
Background,background
Background,background
Background,background
Background,background
Background,background
Background,background
Background,background
Background,background
Background,background
Background,background
Background,background
Background,background
Background,background
Background,background
Background,background
Background,background
Background,background
Background,background
Background,background
Background,background
Background,background
Background,background
Background,background
Background,background
Background,background
Background,background
Background,background
Background,background
Background,background
Background,background
Background,background
Background,background
Background,background
Background,background
Background,background
Background,background
Background,background
Background,background
Background,background
Background,background
Background,background
Background,background
Background,background
Background,background
Background,background
Background,background
Background,background
Background,background
Background,background
Background,background
Background,background
Background,background
Background,background
Background,background
Background,background
Background,background
Background,background
Background,background
Background,background
Background,background
Background,background
Background,background
Background,background
Background,background
Background,background
Background,background
Background,background
Background,background
Background,background
Background,background
Background,background
Background,background
Background,background
Background,background
Background,background
Background,background
Background,background
Background,background
Background,background
Background,background
Background,background
Background,background
Background,background
Background,background
Background,background
Background,background
Background,background
Background,background
Background,background
Background,background
Background,background
Background,background
Background,background
Background,background
Background,background
Background,background
Background,background
Background,background
Background,background
Background,background
Background,background
Background,background
Background,background
Background,background
Background,background
Background,background
Background,background
Background,background
Background,background
Background,background
Background,background
Background,background
Background,background
Background,background
Background,background
Background,background
Background,background
Background,background
Background,background
Background,background
Background,background
Background,background
Background,background
Background,background
Background,background
Background,background
Background,background
Background,background
Background,background
Background,background
Background,background
Background,background
Background,background
Background,background
Background,background
Background,background
Background,background
Background,background
Background,background
Background,background
Background,background
Background,background
Background,background
Background,background
Background,background
Background,background
Background,background
Background,background
Background,background
Background,background
Background,background
Background,background
Background,background
Background,background
Background,background
Background,background
Background,background
Background,background
Background,background
Background,background
Background,background
Background,background
Background,background
Background,background
Background,background
Background,background
Background,background
Background,background
Background,background
Background,background
Background,background
Background,background
Background,background
Background,background
Background,background
Background,background
Background,background
Background,background
Background,background
Background,background
Background,background
Background,background
Background,background
Background,background
Background,background
Background,background
Background,background
Background,background
Background,background
Background,background
Background,background
Background,background
Background,background
Background,background
Background,background
Background,background
Background,background
Background,background
Background,background
Background,background
Background,background
Background,background
Background,background
Background,background
Background,background
Background,background
Background,background
Background,background
Background,background
Background,background
interaction,background
interaction,background
interaction,background
interaction,background
interaction,background
interaction,background
interaction,background
interaction,background
interaction,background
interaction,background
interaction,background
interaction,background
interaction,background
interaction,background
interaction,background
interaction,background
interaction,background
interaction,background
interaction,background
interaction,background
interaction,background
interaction,background
interaction,background
interaction,background
interaction,background
interaction,background
interaction,background
interaction,background
interaction,background
interaction,background
interaction,background
interaction,background
interaction,background
interaction,background
interaction,background
interaction,background
interaction,background
interaction,background
interaction,background
interaction,background
interaction,background
interaction,background
interaction,background
interaction,background
interaction,background
interaction,background
interaction,background
interaction,background
interaction,background
interaction,background
interaction,background
interaction,background
interaction,background
interaction,background
interaction,background
interaction,background
interaction,background
interaction,background
interaction,background
interaction,background
interaction,background
interaction,background
interaction,background
interaction,background
interaction,background
interaction,background
interaction,background
interaction,background
interaction,background
interaction,background
interaction,background
interaction,background
interaction,background
interaction,background
interaction,background
interaction,background
interaction,background
interaction,background
interaction,background
interaction,background
interaction,background
interaction,background
interaction,background
interaction,background
interaction,background
interaction,background
interaction,background
interaction,background
interaction,background
interaction,background
interaction,background
interaction,background
interaction,background
interaction,background
interaction,background
interaction,background
interaction,background
interaction,background
interaction,background
interaction,background
interaction,background
interaction,background
interaction,background
interaction,background
interaction,background
interaction,background
interaction,background
interaction,background
interaction,background
interaction,background
interaction,background
interaction,background
interaction,background
interaction,background
interaction,background
interaction,background
interaction,background
interaction,background
interaction,background
interaction,background
interaction,background
interaction,background
interaction,background
interaction,background
interaction,background
interaction,background
interaction,background
interaction,background
interaction,background
interaction,background
interaction,background
interaction,background
interaction,background
interaction,background
interaction,background
interaction,background
interaction,background
interaction,background
interaction,background
interaction,background
interaction,background
interaction,background
interaction,background
interaction,background
interaction,background
interaction,background
interaction,background
interaction,background
interaction,background
interaction,background
interaction,background
interaction,background
interaction,background
interaction,background
interaction,background
interaction,background
interaction,background
interaction,background
interaction,background
interaction,background
interaction,background
interaction,background
interaction,background
interaction,background
interaction,background
interaction,background
interaction,background
interaction,background
interaction,background
interaction,background
interaction,background
interaction,background
interaction,background
interaction,background
interaction,background
interaction,background
interaction,background
interaction,background
interaction,background
interaction,background
interaction,background
interaction,background
interaction,background
interaction,background
interaction,background
interaction,background
interaction,background
interaction,background
interaction,background
interaction,background
interaction,background
interaction,background
interaction,background
interaction,background
interaction,background
interaction,background
interaction,background
interaction,background
interaction,background
interaction,background
interaction,background
interaction,background
interaction,background
interaction,background
interaction,background
interaction,background
interaction,background
interaction,background
interaction,background
interaction,background
interaction,background
interaction,background
interaction,background
interaction,background
interaction,background
interaction,background
interaction,background
interaction,background
interaction,background
interaction,background
interaction,background
interaction,background
interaction,background
interaction,background
interaction,background
interaction,background
interaction,background
interaction,background
interaction,background
interaction,background
interaction,background
interaction,background
interaction,background
interaction,background
interaction,background
interaction,background
interaction,background
interaction,background
interaction,background
interaction,background
interaction,background
interaction,background
interaction,background
interaction,background
interaction,background
interaction,background
interaction,background
interaction,background
interaction,background
interaction,background
interaction,background
interaction,background
interaction,background
interaction,background
interaction,background
interaction,background
interaction,background
interaction,background
interaction,background
interaction,background
interaction,background
interaction,background
interaction,background
interaction,background
interaction,background
interaction,background
Background,background
Background,background
Background,background
Background,background
Background,background
Background,background
Background,background
Background,background
Background,background
Background,background
Background,background
Background,background
Background,background
Background,background
Background,background
Background,background
Background,background
Background,background
Background,background
Background,background
Background,background
Background,background
Background,background
Background,background
Background,background
Background,background
Background,background
Background,background
Background,background
Background,background
Background,background
Background,background
Background,background
Background,background
Background,background
Background,background
Background,background
Background,background
Background,background
Background,background
Background,background
Background,background
Background,background
Background,background
Background,background
Background,background
Background,background
Background,background
Background,background
Background,background
Background,background
Background,background
Background,background
Background,background
Background,background
Background,background
Background,background
Background,background
Background,background
Background,background
Background,background
Background,background
Background,background
Background,background
Background,background
Background,background
Background,background
Background,background
Background,background
Background,background
Background,background
Background,background
Background,background
Background,background
Background,background
Background,background
Background,background
Background,background
Background,background
Background,background
Background,background
Background,background
Background,background
Background,background
Background,background
Background,background
Background,background
Background,background
Background,background
Background,background
Background,background
Background,background
Background,background
Background,background
Background,background
Background,background
Background,background
Background,background
Background,background
Background,background
Background,background
Background,background
Background,background
Background,background
Background,background
Background,background
Background,background
Background,background
Background,background
Background,background
Background,background
Background,background
Background,background
Background,background
Background,background
Background,background
Background,background
Background,background
Background,background
Background,background
Background,background
Background,background
Background,background
Background,background
Background,background
Background,background
Background,background
Background,background
Background,background
Background,background
Background,background
Background,background
Background,background
Background,background
Background,background
Background,background
Background,background
Background,background
Background,background
Background,background
Background,background
Background,background
Background,background
Background,background
Background,background
Background,background
Background,background
Background,background
Background,background
Background,background
Background,background
Background,background
Background,background
Background,background
Background,background
Background,background
Background,background
Background,background
Background,background
Background,background
Background,background
Background,background
Background,background
Background,background
Background,background
Background,background
Background,background
Background,background
Background,background
Background,background
Background,background
Background,background
Background,background
Background,background
Background,background
Background,background
Background,background
Background,background
Background,background
Background,background
Background,background
Background,background
Background,background
Background,background
Background,background
Background,background
Background,background
Background,background
Background,background
Background,background
Background,background
Background,background
Background,background
Background,background
Background,background
Background,background
Background,background
Background,background
Background,background
Background,background
Background,background
Background,background
Background,background
Background,background
Background,background
Background,background
Background,background
Background,background
Background,background
Background,background
Background,background
Background,background
Background,background
Background,background
Background,background
Background,background
Background,background
Background,background
Background,background
Background,background
Background,background
Background,background
Background,background
Background,background
Background,background
Background,background
Background,background
Background,background
Background,background
Background,background
Background,background
Background,background
Background,background
Background,background
Background,background
Background,background
Background,background
Background,background
Background,background
Background,background
Background,background
Background,background
Background,background
Background,background
Background,background
Background,background
Background,background
Background,background
Background,background
Background,background
Background,background
Background,background
Background,background
Background,background
Background,background
Background,background
Background,background
Background,background
Background,background
Background,background
Background,background
Background,background
Background,background
Background,background
Background,background
Background,background
Background,background
Background,background
Background,background
Background,background
Background,background
Background,background
Background,background
Background,background
Background,background
Background,background
Background,background
Background,background
Background,background
Background,background
Background,background
Background,background
Background,background
Background,background
Background,background
Background,background
Background,background
Background,background
Background,background
Background,background
Background,background
Background,background
Background,background
Background,background
Background,background
Background,background
Background,background
Background,background
Background,background
Background,background
Background,background
Background,background
Background,background
Background,background
Background,background
Background,background
Background,background
Background,background
Background,background
Background,background
Background,background
Background,background
Background,background
Background,background
Background,background
Background,background
Background,background
Background,background
Background,background
Background,background
Background,background
Background,background
Background,background
Background,background
Background,background
Background,background
Background,background
Background,background
Background,background
Background,background
Background,background
Background,background
Background,background
Background,background
Background,background
Background,background
Background,background
Background,background
Background,background
Background,background
Background,background
Background,background
Background,background
Background,background
Background,background
Background,background
Background,background
Background,background
Background,background
Background,background
Background,background
Background,background
Background,background
Background,background
Background,background
Background,background
Background,background
Background,background
Background,background
Background,background
Background,background
Background,background
Background,background
Background,background
Background,background
Background,background
Background,background
Background,background
Background,background
Background,background
Background,background
Background,background
Background,background
Background,background
Background,background
Background,background
Background,background
Background,background
Background,background
Background,background
Background,background
Background,background
Background,background
Background,background
Background,background
Background,background
Background,background
Background,background
Background,background
Background,background
Background,background
Background,background
Background,background
Background,background
Background,background
Background,background
Background,background
Background,background
Background,background
Background,background
Background,background
Background,background
Background,background
Background,background
Background,background
Background,background
Background,background
Background,background
Background,background
Background,background
Background,background
Background,background
Background,background
Background,background
Background,background
Background,background
Background,background
Background,background
Background,background
Background,background
Background,background
Background,background
Background,background
Background,background
Background,background
Background,background
Background,background
Background,background
Background,background
Background,background
Background,background
Background,background
Background,background
Background,background
Background,background
Background,background
Background,background
Background,background
Background,background
Background,background
Background,background
Background,background
Background,background
Background,background
Background,background
Background,background
Background,background
Background,background
Background,background
Background,background
Background,background
Background,background
Background,background
Background,background
Background,background
Background,background
Background,background
Background,background
Background,background
Background,background
Background,background
Background,background
Background,background
Background,background
Background,background
Background,background
Background,background
Background,background
Background,background
Background,background
Background,background
Background,background
Background,background
Background,background
Background,background
Background,background
Background,background
Background,background
Background,background
Background,background
Background,background
Background,background
Background,background
Background,background
Background,background
Background,background
Background,background
Background,background
Background,background
Background,background
Background,background
Background,background
Background,background
Background,background
Background,background
Background,background
Background,background
Background,background
Background,background
Background,background
Background,background
Background,background
Background,background
Background,background
Background,background
Background,background
Background,background
Background,background
Background,background
Background,background
Background,background
Background,background
Background,background
Background,background
Background,background
Background,background
Background,background
Background,background
Background,background
Background,background
Background,background
Background,background
Background,background
Background,background
Background,background
Background,background
Background,background
Background,background
Background,background
Background,background
Background,background
Background,background
Background,background
Background,background
Background,background
Background,background
Background,background
Background,background
Background,background
Background,background
Background,background
Background,background
Background,background
Background,background
Background,background
Background,background
Background,background
Background,background
Background,background
Background,background
Background,background
Background,background
Background,background
Background,background
Background,background
Background,background
Background,background
Background,background
Background,background
Background,background
Background,background
Background,background
Background,background
Background,background
Background,background
Background,background
Background,background
Background,background
Background,background
Background,background
Background,background
Background,background
Background,background
Background,background
Background,background
Background,background
Background,background
Background,background
Background,background
Background,background
Background,background
Background,background
Background,background
Background,background
Background,background
Background,background
Background,background
Background,background
Background,background
Background,background
Background,background
Background,background
Background,background
Background,background
Background,background
Background,background
Background,background
Background,background
Background,background
Background,background
Background,background
Background,background
Background,background
Background,background
Background,background
Background,background
Background,background
Background,background
Background,background
Background,background
Background,background
Background,background
Background,background
Background,background
Background,background
Background,background
Background,background
Background,background
Background,background
Background,background
Background,background
Background,background
Background,background
Background,background
Background,background
Background,background
Background,background
Background,background
Background,background
Background,background
Background,background
Background,background
Background,background
Background,background
Background,background
Background,background
Background,background
Background,background
Background,background
Background,background
Background,background
Background,background
Background,background
Background,background
Background,background
Background,background
Background,background
Background,background
Background,background
Background,background
Background,background
Background,background
Background,background
Background,background
Background,background
Background,background
Background,background
Background,background
Background,background
Background,background
Background,background
Background,background
Background,background
Background,background
Background,background
Background,background
Background,background
Background,background
Background,background
Background,background
Background,background
Background,background
Background,background
Background,background
Background,background
Background,background
Background,background
Background,background
Background,background
Background,background
Background,background
Background,background
Background,background
Background,background
Background,background
Background,background
Background,background
Background,background
Background,background
Background,background
Background,background
Background,background
Background,background
Background,background
Background,background
Background,background
Background,background
Background,background
Background,background
Background,background
Background,background
Background,background
Background,background
Background,background
Background,background
Background,background
Background,background
Background,background
Background,background
Background,background
Background,background
Background,background
Background,background
Background,background
Background,background
Background,background
Background,background
Background,background
Background,background
Background,background
Background,background
Background,background
Background,background
Background,background
Background,background
Background,background
Background,background
Background,background
Background,background
Background,background
Background,background
Background,background
Background,background
Background,background
Background,background
Background,background
Background,background
Background,background
Background,background
Background,background
Background,background
Background,background
Background,background
Background,background
Background,background
Background,background
Background,background
Background,background
Background,background
Background,background
Background,background
Background,background
Background,background
Background,background
Background,background
Background,background
Background,background
Background,background
Background,background
Background,background
Background,background
Background,background
Background,background
Background,background
Background,background
Background,background
Background,background
Background,background
Background,background
Background,background
Background,background
Background,background
Background,background
Background,background
Background,background
Background,background
Background,background
Background,background
Background,background
Background,background
Background,background
Background,background
Background,background
Background,background
Background,background
Background,background
Background,background
Background,background
Background,background
Background,background
Background,background
Background,background
Background,background
Background,background
Background,background
Background,background
Background,background
Background,background
Background,background
Background,background
Background,background
Background,background
Background,background
Background,background
Background,background
Background,background
Background,background
Background,background
Background,background
Background,background
Background,background
Background,background
Background,background
Background,background
Background,background
Background,background
Background,background
Background,background
Background,background
Background,background
Background,background
Background,background
Background,background
Background,background
Background,background
Background,background
Background,background
Background,background
Background,background
Background,background
Background,background
Background,background
Background,background
Background,background
Background,background
Background,background
Background,background
Background,background
Background,background
Background,background
Background,background
Background,background
Background,background
Background,background
Background,background
Background,background
Background,background
Background,background
Background,background
Background,background
Background,background
Background,background
Background,background
Background,background
Background,background
Background,background
Background,background
Background,background
Background,background
Background,background
Background,background
Background,background
Background,background
Background,background
Background,background
Background,background
Background,background
Background,background
Background,background
Background,background
Background,background
Background,background
Background,background
Background,background
Background,background
Background,background
Background,background
Background,background
Background,background
Background,background
Background,background
Background,background
Background,background
Background,background
Background,background
Background,background
Background,background
Background,background
Background,background
Background,background
Background,background
Background,background
Background,background
Background,background
Background,background
Background,background
Background,background
Background,background
Background,background
Background,background
Background,background
Background,background
Background,background
Background,background
Background,background
Background,background
Background,background
Background,background
Background,background
Background,background
Background,background
Background,background
Background,background
Background,background
Background,background
Background,background
Background,background
Background,background
Background,background
Background,background
Background,background
Background,background
Background,background
Background,background
Background,background
Background,background
Background,background
Background,background
Background,background
Background,background
Background,background
Background,background
Background,background
Background,background
Background,background
Background,background
Background,background
Background,background
Background,background
Background,background
Background,background
Background,background
Background,background
Background,background
Background,background
Background,background
Background,background
Background,background
Background,background
Background,background
Background,background
Background,background
Background,background
Background,background
Background,background
Background,background
Background,background
Background,background
Background,background
Background,background
Background,background
Background,background
Background,background
Background,background
Background,background
Background,background
Background,background
Background,background
Background,background
Background,background
Background,background
Background,background
Background,background
Background,background
Background,background
Background,background
Background,background
Background,background
Background,background
Background,background
Background,background
Background,background
Background,background
Background,background
Background,background
Background,background
Background,background
Background,background
Background,background
Background,background
Background,background
Background,background
Background,background
Background,background
Background,background
Background,background
Background,background
Background,background
Background,background
Background,background
Background,background
Background,background
Background,background
Background,background
Background,background
Background,background
Background,background
Background,background
Background,background
Background,background
Background,background
Background,background
Background,background
Background,background
Background,background
Background,background
Background,background
Background,background
Background,background
Background,background
Background,background
Background,background
Background,background
Background,background
Background,background
Background,background
Background,background
Background,background
Background,background
Background,background
Background,background
Background,background
Background,background
Background,background
Background,background
Background,background
Background,background
Background,background
Background,background
Background,background
Background,background
Background,background
Background,background
Background,background
Background,background
Background,background
Background,background
Background,background
Background,background
Background,background
Background,background
Background,background
Background,background
Background,background
Background,background
Background,background
Background,background
Background,background
Background,background
Background,background
Background,background
Background,background
Background,background
Background,background
Background,background
Background,background
Background,background
Background,background
Background,background
Background,background
Background,background
Background,background
Background,background
Background,background
Background,background
Background,background
Background,background
Background,background
Background,background
Background,background
Background,background
Background,background
Background,background
Background,background
Background,background
Background,background
Background,background
Background,background
Background,background
Background,background
Background,background
Background,background
Background,background
Background,background
Background,background
Background,background
Background,background
Background,background
Background,background
Background,background
Background,background
Background,background
Background,background
Background,background
Background,background
Background,background
Background,background
Background,background
Background,background
Background,background
Background,background
Background,background
Background,background
Background,background
Background,background
Background,background
Background,background
Background,background
Background,background
Background,background
Background,background
Background,background
Background,background
Background,background
Background,background
Background,background
Background,background
Background,background
Background,background
Background,background
Background,background
Background,background
Background,background
Background,background
Background,background
Background,background
Background,background
Background,background
Background,background
Background,background
Background,background
Background,background
Background,background
Background,background
Background,background
Background,background
Background,background
Background,background
Background,background
Background,background
Background,background
Background,background
Background,background
Background,background
Background,background
Background,background
Background,background
Background,background
Background,background
Background,background
Background,background
Background,background
Background,background
Background,background
Background,background
Background,background
Background,background
Background,background
Background,background
Background,background
Background,background
Background,background
Background,background
Background,background
Background,background
Background,background
Background,background
Background,background
Background,background
Background,background
Background,background
Background,background
Background,background
Background,background
Background,background
Background,background
Background,background
Background,background
Background,background
Background,background
Background,background
Background,background
Background,background
Background,background
Background,background
Background,background
Background,background
Background,background
Background,background
Background,background
Background,background
Background,background
Background,background
Background,background
Background,background
Background,background
Background,background
Background,background
Background,background
Background,background
Background,background
Background,background
Background,background
Background,background
Background,background
Background,background
Background,background
Background,background
Background,background
Background,background
Background,background
Background,background
Background,background
Background,background
Background,background
Background,background
Background,background
Background,background
Background,background
Background,background
Background,background
Background,background
Background,background
Background,background
Background,background
Background,background
Background,background
Background,background
Background,background
Background,background
Background,background
Background,background
Background,background
Background,background
Background,background
Background,background
Background,background
Background,background
Background,background
Background,background
Background,background
Background,background
Background,background
Background,background
Background,background
Background,background
Background,background
Background,background
Background,background
Background,background
Background,background
Background,background
Background,background
Background,background
Background,background
Background,background
Background,background
Background,background
Background,background
Background,background
interaction,background
interaction,background
interaction,background
interaction,background
interaction,background
interaction,background
interaction,background
interaction,background
interaction,background
interaction,background
interaction,background
interaction,background
interaction,background
interaction,background
interaction,background
interaction,background
interaction,background
interaction,background
interaction,background
interaction,background
interaction,background
interaction,background
interaction,background
interaction,background
interaction,background
interaction,background
interaction,background
interaction,background
interaction,background
interaction,background
interaction,interaction
interaction,interaction
interaction,interaction
interaction,interaction
interaction,interaction
interaction,interaction
interaction,interaction
interaction,interaction
interaction,interaction
interaction,interaction
interaction,interaction
interaction,interaction
interaction,interaction
interaction,interaction
interaction,interaction
interaction,interaction
interaction,interaction
interaction,interaction
interaction,interaction
interaction,interaction
interaction,interaction
interaction,interaction
interaction,interaction
interaction,interaction
interaction,interaction
interaction,interaction
interaction,interaction
interaction,interaction
interaction,interaction
interaction,interaction
interaction,interaction
interaction,interaction
interaction,interaction
interaction,interaction
interaction,interaction
interaction,interaction
interaction,interaction
interaction,interaction
interaction,interaction
interaction,interaction
interaction,interaction
interaction,interaction
interaction,interaction
interaction,interaction
interaction,interaction
interaction,interaction
interaction,interaction
interaction,interaction
interaction,interaction
interaction,interaction
interaction,interaction
interaction,interaction
interaction,interaction
interaction,interaction
interaction,interaction
interaction,interaction
interaction,interaction
interaction,interaction
interaction,interaction
interaction,interaction
interaction,interaction
interaction,interaction
interaction,interaction
interaction,interaction
interaction,interaction
interaction,interaction
interaction,interaction
interaction,interaction
interaction,interaction
interaction,interaction
interaction,interaction
interaction,interaction
interaction,interaction
interaction,interaction
interaction,interaction
interaction,interaction
interaction,interaction
interaction,interaction
interaction,interaction
interaction,interaction
interaction,interaction
interaction,interaction
interaction,interaction
interaction,interaction
interaction,interaction
interaction,interaction
interaction,interaction
interaction,interaction
interaction,interaction
interaction,interaction
interaction,interaction
interaction,interaction
interaction,interaction
interaction,interaction
interaction,interaction
interaction,interaction
interaction,interaction
interaction,interaction
interaction,interaction
interaction,interaction
interaction,interaction
interaction,interaction
interaction,interaction
interaction,interaction
interaction,interaction
interaction,interaction
interaction,interaction
interaction,interaction
interaction,interaction
interaction,interaction
interaction,interaction
interaction,interaction
interaction,interaction
interaction,interaction
interaction,interaction
interaction,interaction
interaction,interaction
interaction,interaction
interaction,interaction
interaction,interaction
interaction,interaction
interaction,interaction
interaction,interaction
interaction,interaction
interaction,interaction
interaction,interaction
interaction,interaction
interaction,interaction
interaction,interaction
interaction,interaction
interaction,interaction
interaction,interaction
interaction,interaction
interaction,interaction
interaction,interaction
interaction,interaction
interaction,interaction
interaction,interaction
interaction,interaction
interaction,interaction
interaction,interaction
interaction,interaction
interaction,interaction
interaction,interaction
interaction,interaction
interaction,interaction
interaction,interaction
interaction,interaction
interaction,interaction
interaction,interaction
interaction,interaction
interaction,interaction
interaction,interaction
interaction,interaction
interaction,interaction
interaction,interaction
interaction,interaction
interaction,interaction
interaction,interaction
interaction,interaction
interaction,interaction
interaction,interaction
interaction,interaction
interaction,interaction
interaction,interaction
interaction,interaction
interaction,interaction
interaction,interaction
interaction,interaction
interaction,interaction
interaction,interaction
interaction,interaction
interaction,interaction
interaction,interaction
interaction,interaction
interaction,interaction
interaction,interaction
interaction,interaction
interaction,interaction
interaction,interaction
interaction,interaction
interaction,interaction
interaction,interaction
interaction,interaction
interaction,interaction
interaction,interaction
interaction,interaction
interaction,interaction
interaction,interaction
interaction,interaction
interaction,interaction
interaction,interaction
interaction,interaction
interaction,interaction
interaction,interaction
interaction,interaction
interaction,interaction
interaction,interaction
interaction,interaction
interaction,interaction
interaction,interaction
interaction,interaction
interaction,interaction
interaction,interaction
interaction,interaction
interaction,interaction
interaction,interaction
interaction,interaction
interaction,interaction
interaction,interaction
interaction,interaction
interaction,interaction
interaction,interaction
interaction,interaction
interaction,interaction
interaction,interaction
interaction,interaction
interaction,interaction
interaction,interaction
interaction,interaction
interaction,interaction
interaction,interaction
interaction,interaction
interaction,interaction
interaction,interaction
interaction,interaction
interaction,interaction
interaction,interaction
interaction,interaction
interaction,interaction
interaction,interaction
interaction,interaction
interaction,interaction
interaction,interaction
interaction,interaction
interaction,interaction
interaction,interaction
interaction,interaction
interaction,interaction
interaction,interaction
interaction,interaction
interaction,interaction
interaction,interaction
interaction,interaction
interaction,interaction
interaction,interaction
interaction,interaction
interaction,interaction
interaction,interaction
interaction,interaction
interaction,interaction
interaction,interaction
interaction,interaction
interaction,interaction
interaction,interaction
interaction,interaction
interaction,interaction
interaction,interaction
interaction,interaction
interaction,interaction
interaction,interaction
interaction,interaction
interaction,interaction
interaction,interaction
interaction,interaction
interaction,interaction
interaction,interaction
interaction,interaction
interaction,interaction
interaction,interaction
interaction,interaction
interaction,interaction
interaction,interaction
interaction,interaction
interaction,interaction
interaction,interaction
interaction,interaction
interaction,interaction
interaction,interaction
interaction,interaction
interaction,interaction
interaction,interaction
interaction,interaction
interaction,interaction
interaction,interaction
interaction,interaction
interaction,interaction
interaction,interaction
interaction,interaction
interaction,interaction
interaction,interaction
interaction,interaction
interaction,interaction
interaction,interaction
interaction,interaction
interaction,interaction
interaction,interaction
interaction,interaction
interaction,interaction
interaction,interaction
interaction,interaction
interaction,interaction
interaction,interaction
interaction,interaction
interaction,interaction
interaction,interaction
interaction,interaction
interaction,interaction
interaction,interaction
interaction,interaction
interaction,interaction
interaction,interaction
interaction,interaction
interaction,interaction
interaction,interaction
interaction,interaction
interaction,interaction
interaction,interaction
interaction,interaction
interaction,interaction
interaction,interaction
interaction,interaction
interaction,interaction
interaction,interaction
interaction,interaction
interaction,interaction
interaction,interaction
interaction,interaction
interaction,interaction
interaction,interaction
interaction,interaction
interaction,interaction
interaction,interaction
interaction,interaction
interaction,interaction
interaction,interaction
interaction,interaction
interaction,interaction
interaction,interaction
interaction,interaction
interaction,interaction
interaction,interaction
interaction,interaction
interaction,interaction
interaction,interaction
interaction,interaction
interaction,interaction
interaction,interaction
interaction,interaction
interaction,interaction
interaction,interaction
interaction,interaction
interaction,interaction
interaction,interaction
interaction,interaction
interaction,interaction
interaction,interaction
interaction,interaction
interaction,interaction
interaction,interaction
interaction,interaction
interaction,interaction
interaction,interaction
interaction,interaction
interaction,interaction
interaction,interaction
interaction,interaction
interaction,interaction
interaction,interaction
interaction,interaction
interaction,interaction
interaction,interaction
interaction,interaction
interaction,interaction
interaction,interaction
interaction,interaction
interaction,interaction
interaction,interaction
interaction,interaction
interaction,interaction
interaction,interaction
interaction,interaction
interaction,interaction
interaction,interaction
interaction,interaction
interaction,interaction
interaction,interaction
interaction,interaction
interaction,interaction
interaction,interaction
interaction,interaction
interaction,interaction
interaction,interaction
interaction,interaction
interaction,interaction
interaction,interaction
interaction,interaction
interaction,interaction
interaction,interaction
interaction,interaction
interaction,interaction
interaction,interaction
interaction,interaction
interaction,interaction
interaction,interaction
interaction,interaction
interaction,interaction
interaction,interaction
interaction,interaction
interaction,interaction
interaction,interaction
interaction,interaction
interaction,interaction
interaction,interaction
interaction,interaction
interaction,interaction
interaction,interaction
interaction,interaction
interaction,interaction
interaction,interaction
interaction,interaction
interaction,interaction
interaction,background
interaction,background
interaction,background
interaction,background
interaction,background
interaction,background
interaction,background
interaction,background
interaction,background
interaction,background
interaction,background
interaction,background
interaction,background
interaction,background
interaction,background
interaction,background
interaction,background
interaction,background
interaction,background
interaction,background
interaction,background
interaction,background
interaction,background
interaction,background
interaction,background
Background,background
Background,background
Background,background
Background,background
Background,background
Background,background
Background,background
Background,background
Background,background
Background,background
Background,background
Background,background
Background,background
Background,background
Background,background
Background,background
Background,background
Background,background
Background,background
Background,background
Background,background
Background,background
Background,background
Background,background
Background,background
Background,background
Background,background
Background,background
Background,background
Background,background
Background,background
Background,background
Background,background
Background,background
Background,background
Background,background
Background,background
Background,background
Background,background
Background,background
Background,background
Background,background
Background,background
Background,background
Background,background
Background,background
Background,background
Background,background
Background,background
Background,background
Background,background
Background,background
Background,background
Background,background
Background,background
Background,background
Background,background
Background,background
Background,background
Background,background
Background,background
Background,background
Background,background
Background,background
Background,background
Background,background
Background,background
Background,background
Background,background
Background,background
Background,background
Background,background
Background,background
Background,background
Background,background
Background,background
Background,background
Background,background
Background,background
Background,background
Background,background
Background,background
Background,background
Background,background
Background,interaction
Background,interaction
Background,interaction
Background,interaction
Background,interaction
Background,interaction
Background,interaction
Background,interaction
Background,interaction
Background,interaction
Background,interaction
Background,interaction
Background,interaction
Background,interaction
Background,interaction
Background,interaction
Background,interaction
Background,interaction
Background,interaction
Background,interaction
Background,interaction
Background,interaction
Background,interaction
Background,interaction
Background,interaction
Background,interaction
Background,interaction
Background,interaction
Background,interaction
Background,interaction
Background,interaction
Background,interaction
Background,interaction
Background,interaction
Background,interaction
Background,interaction
Background,interaction
Background,interaction
Background,interaction
Background,interaction
Background,interaction
Background,interaction
Background,interaction
Background,interaction
Background,interaction
Background,interaction
Background,interaction
Background,background
Background,background
Background,background
Background,background
Background,background
Background,background
Background,background
Background,background
Background,background
Background,background
Background,background
Background,background
Background,background
Background,background
Background,background
Background,background
Background,background
Background,background
Background,background
Background,background
Background,background
Background,background
Background,background
Background,background
Background,background
Background,background
Background,background
Background,background
Background,background
Background,background
Background,background
Background,background
Background,background
Background,background
Background,background
Background,background
Background,background
Background,background
Background,background
Background,background
Background,background
Background,background
Background,background
Background,background
Background,background
Background,background
Background,background
Background,background
Background,background
Background,background
Background,background
Background,background
Background,background
Background,background
Background,background
Background,background
Background,background
Background,background
Background,background
Background,background
Background,background
Background,background
Background,background
Background,background
Background,background
Background,background
Background,background
Background,background
Background,background
Background,background
Background,background
Background,background
Background,background
Background,background
Background,background
Background,background
Background,background
Background,background
Background,background
Background,background
Background,background
Background,background
Background,background
Background,background
Background,background
Background,background
Background,background
Background,background
Background,background
Background,background
Background,background
Background,background
Background,background
Background,background
Background,background
Background,background
Background,background
Background,background
Background,background
Background,background
Background,background
Background,background
Background,background
Background,background
Background,background
Background,background
Background,background
Background,background
Background,background
Background,background
Background,background
Background,background
Background,background
Background,background
Background,background
Background,background
Background,background
Background,background
Background,background
Background,background
Background,background
Background,background
Background,background
Background,background
Background,background
Background,background
Background,background
Background,background
Background,background
Background,background
Background,background
Background,background
Background,background
Background,background
Background,background
Background,background
Background,background
Background,background
Background,background
Background,background
Background,background
Background,background
Background,background
Background,background
Background,background
Background,background
Background,background
Background,background
Background,background
Background,background
Background,background
Background,background
Background,background
Background,background
Background,background
Background,background
Background,background
Background,background
Background,background
Background,background
Background,background
Background,background
Background,background
Background,background
Background,background
Background,background
Background,background
Background,background
Background,background
Background,background
Background,background
Background,background
Background,background
Background,background
Background,background
Background,background
Background,background
Background,background
Background,background
Background,background
Background,background
Background,background
Background,background
Background,background
Background,background
Background,background
Background,background
Background,background
Background,background
Background,background
Background,background
Background,background
Background,background
Background,background
Background,background
Background,background
Background,background
Background,background
Background,background
Background,background
Background,background
Background,background
Background,background
Background,background
Background,background
Background,background
Background,background
Background,background
Background,background
Background,background
Background,background
Background,background
Background,background
Background,background
Background,background
Background,background
Background,background
Background,background
Background,background
Background,background
Background,background
Background,background
Background,background
Background,background
Background,background
Background,background
Background,background
Background,background
Background,background
Background,background
Background,background
Background,background
Background,background
Background,background
Background,background
Background,background
Background,background
Background,background
Background,background
Background,background
Background,background
Background,background
Background,background
Background,background
Background,background
Background,background
Background,background
Background,background
Background,background
Background,background
Background,background
Background,background
Background,background
Background,background
Background,background
Background,background
Background,background
Background,background
Background,background
Background,background
Background,background
Background,background
Background,background
Background,background
Background,background
Background,background
Background,background
Background,background
Background,background
Background,background
Background,background
Background,background
Background,background
Background,background
Background,background
Background,background
Background,background
Background,background
Background,background
Background,background
Background,background
Background,background
Background,background
Background,background
Background,background
Background,background
Background,background
Background,background
Background,background
Background,background
Background,background
Background,background
Background,background
Background,background
Background,background
Background,background
Background,background
Background,background
Background,background
Background,background
Background,background
Background,background
Background,background
Background,background
Background,background
Background,background
Background,background
Background,background
Background,background
Background,background
Background,background
Background,background
Background,background
posing,background
posing,background
posing,background
posing,background
posing,background
posing,background
Background,background
Background,background
Background,background
Background,background
Background,background
Background,background
Background,background
Background,background
Background,background
Background,background
Background,background
Background,background
Background,background
Background,background
Background,background
Background,background
Background,background
Background,background
Background,background
Background,background
Background,background
Background,background
Background,background
Background,background
Background,background
Background,background
Background,background
Background,background
Background,background
Background,background
Background,background
Background,background
Background,background
Background,background
Background,background
Background,background
Background,background
Background,background
Background,background
Background,background
Background,background
Background,background
Background,background
Background,background
Background,background
Background,background
Background,background
Background,background
Background,background
Background,background
Background,background
Background,background
Background,background
Background,background
Background,background
Background,background
Background,background
Background,background
Background,background
Background,background
Background,background
Background,background
Background,background
Background,background
Background,background
Background,background
Background,background
Background,background
Background,background
Background,background
Background,background
Background,background
Background,background
Background,background
Background,background
Background,background
Background,background
Background,background
Background,background
Background,background
Background,background
Background,background
Background,background
Background,background
Background,background
Background,background
Background,background
Background,background
Background,background
Background,background
Background,background
Background,background
Background,background
Background,background
Background,background
Background,background
Background,background
Background,background
Background,background
Background,background
Background,background
Background,background
Background,background
Background,background
Background,background
Background,background
Background,background
Background,background
Background,background
Background,background
Background,background
Background,background
Background,background
Background,background
Background,background
Background,background
Background,background
Background,background
Background,background
Background,background
Background,background
Background,background
Background,background
Background,background
Background,background
Background,background
Background,background
Background,background
Background,background
Background,background
Background,background
Background,background
Background,background
Background,background
Background,background
Background,background
Background,background
Background,background
Background,background
Background,background
Background,background
Background,background
Background,background
Background,background
Background,background
Background,background
Background,background
Background,background
Background,background
Background,background
Background,background
Background,background
Background,background
Background,background
Background,background
Background,background
Background,background
Background,background
Background,background
Background,background
Background,background
Background,background
Background,background
Background,background
Background,background
Background,background
Background,background
Background,background
Background,background
Background,background
Background,background
Background,background
Background,background
Background,background
Background,background
Background,background
Background,background
Background,background
Background,background
Background,background
Background,background
Background,background
Background,background
Background,background
Background,background
Background,background
Background,background
Background,background
Background,background
Background,background
Background,background
Background,background
Background,background
Background,background
Background,background
Background,background
Background,background
Background,background
Background,background
Background,background
Background,background
Background,background
Background,background
Background,background
Background,background
Background,background
Background,background
Background,background
Background,background
Background,background
Background,background
Background,background
Background,background
Background,background
Background,background
Background,background
Background,background
Background,background
Background,background
Background,background
Background,background
Background,background
Background,background
Background,background
Background,background
Background,background
Background,background
Background,background
Background,background
Background,background
Background,background
Background,background
Background,background
Background,background
Background,background
Background,background
Background,background
Background,background
Background,background
Background,background
Background,background
Background,background
Background,background
Background,background
Background,background
Background,background
Background,background
Background,background
Background,background
Background,background
Background,background
Background,background
Background,background
Background,background
Background,background
Background,background
Background,background
Background,background
Background,background
Background,background
Background,background
Background,background
Background,background
Background,background
Background,background
Background,background
Background,background
Background,background
Background,background
Background,background
Background,background
Background,background
Background,background
Background,background
Background,background
Background,background
Background,background
Background,background
Background,background
Background,background
Background,background
Background,background
Background,background
Background,background
Background,background
Background,background
Background,background
Background,background
Background,background
Background,background
Background,background
Background,background
Background,background
Background,background
Background,background
Background,background
Background,background
Background,background
Background,background
Background,background
Background,background
Background,background
Background,background
Background,background
Background,background
Background,background
Background,background
Background,background
Background,background
Background,background
Background,background
Background,background
Background,background
Background,background
Background,background
Background,background
Background,background
Background,background
Background,background
Background,background
Background,background
Background,background
Background,background
Background,background
Background,background
Background,background
Background,background
Background,background
Background,background
Background,background
Background,background
Background,background
Background,background
Background,background
Background,background
Background,background
Background,background
Background,background
Background,background
Background,background
Background,background
Background,background
Background,background
Background,background
Background,background
Background,background
Background,background
Background,background
Background,background
Background,background
Background,background
Background,background
Background,background
Background,background
Background,background
Background,background
Background,background
Background,background
Background,background
Background,background
Background,background
Background,background
Background,background
Background,background
Background,background
Background,background
Background,background
Background,background
posing,background
posing,background
posing,background
posing,background
posing,background
posing,background
posing,background
Background,background
Background,background
Background,background
Background,background
Background,background
Background,background
Background,background
Background,background
Background,background
Background,background
Background,background
Background,background
Background,background
Background,background
Background,background
Background,background
Background,background
Background,background
Background,background
Background,background
Background,background
Background,background
Background,background
Background,background
Background,background
Background,background
Background,background
Background,background
Background,background
Background,background
Background,background
Background,background
Background,background
Background,background
Background,background
Background,background
Background,background
Background,background
Background,background
Background,background
Background,background
Background,background
Background,background
Background,background
Background,background
Background,background
Background,background
Background,background
Background,background
Background,background
Background,background
Background,background
Background,background
Background,background
Background,background
Background,background
Background,background
Background,background
Background,background
Background,background
Background,background
Background,background
Background,background
Background,background
Background,background
Background,background
Background,background
Background,background
Background,background
Background,background
Background,background
Background,background
Background,background
Background,background
Background,background
Background,background
Background,background
Background,background
Background,background
Background,background
Background,background
Background,background
Background,background
Background,background
Background,background
Background,background
Background,background
Background,background
Background,background
Background,background
Background,background
Background,background
Background,background
Background,background
Background,background
Background,background
Background,background
Background,background
Background,background
Background,background
Background,background
Background,background
Background,background
Background,background
Background,background
Background,background
Background,background
Background,background
Background,background
Background,background
Background,background
Background,background
Background,background
Background,background
Background,background
Background,background
Background,background
Background,background
Background,background
Background,background
Background,background
Background,background
Background,background
Background,background
Background,background
Background,background
Background,background
Background,background
Background,background
Background,background
Background,background
Background,background
Background,background
Background,background
Background,background
Background,background
Background,background
Background,background
Background,background
Background,background
Background,background
Background,background
Background,background
Background,background
Background,background
Background,background
Background,background
Background,background
Background,background
Background,background
Background,background
Background,background
Background,background
Background,background
Background,background
Background,background
Background,background
Background,background
Background,background
Background,background
Background,background
Background,background
Background,background
Background,background
Background,background
Background,background
Background,background
Background,background
Background,background
Background,background
Background,background
Background,background
Background,background
Background,background
Background,background
Background,background
Background,background
Background,background
Background,background
Background,background
Background,background
Background,background
Background,background
Background,background
Background,background
Background,background
Background,background
Background,background
Background,background
Background,background
Background,background
Background,background
Background,background
Background,background
Background,background
Background,background
Background,background
Background,background
Background,background
Background,background
Background,background
Background,background
Background,background
Background,background
Background,background
Background,background
Background,background
Background,background
Background,background
Background,background
Background,background
Background,background
Background,background
Background,background
Background,background
Background,background
Background,background
Background,background
Background,background
Background,background
Background,background
Background,background
Background,background
Background,background
Background,background
Background,background
Background,background
Background,background
Background,background
Background,background
Background,background
Background,background
Background,background
Background,background
Background,background
Background,background
Background,background
Background,background
Background,background
Background,background
Background,background
Background,background
Background,background
Background,background
Background,background
Background,background
Background,background
Background,background
Background,background
Background,background
Background,background
Background,background
Background,background
Background,background
Background,background
Background,background
Background,background
Background,background
Background,background
Background,background
Background,background
Background,background
Background,background
Background,background
Background,background
Background,background
Background,background
Background,background
Background,background
Background,background
Background,background
Background,background
Background,background
Background,background
Background,background
Background,background
Background,background
Background,background
Background,background
Background,background
Background,background
Background,background
Background,background
Background,background
Background,background
Background,background
Background,background
Background,background
Background,background
Background,background
Background,background
Background,background
Background,background
Background,background
Background,background
Background,background
Background,background
Background,background
Background,background
Background,background
Background,background
Background,background
Background,background
Background,background
Background,background
Background,background
Background,background
Background,background
Background,background
Background,background
Background,background
Background,background
Background,background
Background,background
Background,background
Background,background
Background,background
Background,background
Background,background
Background,background
Background,background
Background,background
Background,background
Background,background
Background,background
Background,background
Background,background
Background,background
Background,background
Background,background
Background,background
Background,background
Background,background
Background,background
Background,background
Background,background
Background,background
Background,background
Background,background
Background,background
Background,background
Background,background
Background,background
Background,background
Background,background
Background,background
Background,background
Background,background
Background,background
Background,background
Background,background
Background,background
Background,background
Background,background
Background,background
Background,background
Background,background
Background,background
Background,background
Background,background
Background,background
Background,background
Background,background
Background,background
Background,background
Background,background
Background,background
Background,background
Background,background
Background,background
Background,background
Background,background
Background,background
Background,background
Background,background
Background,background
Background,background
Background,background
Background,background
Background,background
Background,background
Background,background
Background,background
Background,background
Background,background
Background,background
Background,background
Background,background
Background,background
Background,background
Background,background
Background,background
Background,background
Background,background
Background,background
Background,background
Background,background
Background,background
Background,background
Background,background
Background,background
Background,background
Background,background
Background,background
Background,background
Background,background
Background,background
Background,background
Background,background
Background,background
Background,background
Background,background
Background,background
Background,background
Background,background
Background,background
Background,background
Background,background
Background,background
Background,background
Background,background
Background,background
Background,background
Background,background
Background,background
Background,background
Background,background
Background,background
Background,background
Background,background
Background,background
Background,background
Background,background
Background,background
Background,background
Background,background
Background,background
Background,background
Background,background
Background,background
Background,background
Background,background
Background,background
Background,background
Background,background
Background,background
Background,background
Background,background
Background,background
Background,background
Background,background
Background,background
Background,background
Background,background
Background,background
Background,background
Background,background
Background,background
Background,background
Background,background
Background,background
Background,background
Background,background
Background,background
Background,background
Background,background
Background,background
Background,background
Background,background
Background,background
Background,background
Background,background
Background,background
Background,background
Background,background
Background,background
Background,background
Background,background
Background,background
Background,background
Background,background
Background,background
Background,background
Background,background
Background,background
Background,background
Background,background
Background,background
Background,background
Background,background
Background,background
Background,background
Background,background
Background,background
Background,background
Background,background
Background,background
Background,background
Background,background
Background,background
Background,background
Background,background
Background,background
Background,background
Background,background
Background,background
Background,background
Background,background
Background,background
Background,background
Background,background
Background,background
Background,background
Background,background
Background,background
Background,background
Background,background
Background,background
Background,background
Background,background
Background,background
Background,background
Background,background
Background,background
Background,background
Background,background
Background,background
Background,background
Background,background
Background,background
Background,background
Background,background
Background,background
Background,background
Background,background
Background,background
Background,background
Background,background
Background,background
Background,background
Background,background
Background,background
Background,background
Background,background
Background,background
Background,background
Background,background
Background,background
Background,background
Background,background
Background,background
Background,background
Background,background
Background,background
Background,background
Background,background
Background,background
Background,background
Background,background
Background,background
Background,background
Background,background
Background,background
Background,background
Background,background
Background,background
Background,background
Background,background
Background,background
Background,background
Background,background
Background,background
Background,background
Background,background
Background,background
Background,background
Background,background
Background,background
Background,background
Background,background
Background,background
Background,background
Background,background
Background,background
Background,background
Background,background
Background,background
Background,background
Background,background
Background,background
Background,background
Background,background
Background,background
Background,background
Background,background
Background,background
Background,background
Background,background
Background,background
Background,background
Background,background
Background,background
Background,background
Background,background
Background,background
Background,background
Background,background
Background,background
Background,background
Background,background
Background,background
Background,background
Background,background
Background,background
Background,background
Background,background
Background,background
Background,background
Background,background
Background,background
Background,background
Background,background
Background,background
Background,background
Background,background
Background,background
Background,background
Background,background
Background,background
Background,background
Background,background
Background,background
Background,background
Background,background
Background,background
Background,background
Background,background
Background,background
Background,background
Background,background
Background,background
Background,background
Background,background
Background,background
Background,background
Background,background
Background,background
Background,background
Background,background
Background,background
Background,background
Background,background
Background,background
Background,background
Background,background
Background,background
Background,background
Background,background
Background,background
Background,background
Background,background
Background,background
Background,background
Background,background
Background,background
Background,background
Background,background
Background,background
Background,background
Background,background
Background,background
Background,background
Background,background
Background,background
Background,background
Background,background
Background,background
Background,background
Background,background
Background,background
Background,background
Background,background
Background,background
Background,background
Background,background
Background,background
Background,background
Background,background
Background,background
Background,background
Background,background
Background,background
Background,background
Background,background
Background,background
Background,background
Background,background
Background,background
Background,background
Background,background
Background,background
Background,background
Background,background
Background,background
Background,background
Background,background
Background,background
Background,background
Background,background
Background,background
Background,background
posing,background
posing,background
posing,background
posing,background
posing,background
posing,background
posing,background
Background,background
Background,background
Background,background
Background,background
Background,background
Background,background
Background,background
Background,background
Background,background
Background,background
Background,background
Background,background
Background,background
Background,background
Background,background
Background,background
Background,background
Background,background
Background,background
Background,background
Background,background
Background,background
Background,background
Background,background
Background,background
Background,background
Background,background
Background,background
Background,background
Background,background
Background,background
Background,background
Background,background
Background,background
Background,background
Background,background
Background,background
Background,background
Background,background
Background,background
Background,background
Background,background
Background,background
Background,background
Background,background
Background,background
Background,background
Background,background
Background,background
Background,background
Background,background
Background,background
Background,background
Background,background
Background,background
Background,background
Background,background
Background,background
Background,background
Background,background
Background,background
Background,background
Background,background
Background,background
Background,background
Background,background
Background,background
Background,background
Background,background
Background,background
Background,background
Background,background
Background,background
Background,background
Background,background
Background,background
Background,background
Background,background
Background,background
Background,background
Background,background
Background,background
Background,background
Background,background
Background,background
Background,background
Background,background
Background,background
Background,background
Background,background
Background,background
Background,background
Background,background
Background,background
Background,background
Background,background
Background,background
Background,background
Background,background
Background,background
Background,background
Background,background
Background,background
Background,background
Background,background
Background,background
Background,background
Background,background
Background,background
Background,background
Background,background
Background,background
Background,background
Background,background
Background,background
Background,background
Background,background
Background,background
Background,background
Background,background
Background,background
Background,background
Background,background
Background,background
Background,background
Background,background
Background,background
Background,background
Background,background
Background,background
Background,background
Background,background
Background,background
Background,background
Background,background
Background,background
Background,background
Background,background
Background,background
Background,background
Background,background
Background,background
Background,background
Background,background
Background,background
Background,background
Background,background
Background,background
Background,background
Background,background
Background,background
Background,background
Background,background
Background,background
Background,background
Background,background
Background,background
Background,background
Background,background
Background,background
Background,background
Background,background
Background,background
Background,background
Background,background
Background,background
Background,background
Background,background
Background,background
Background,background
Background,background
Background,background
Background,background
Background,background
Background,background
Background,background
Background,background
Background,background
Background,background
Background,background
Background,background
Background,background
Background,background
Background,background
Background,background
Background,background
Background,background
Background,background
Background,background
Background,background
Background,background
Background,background
Background,background
Background,background
Background,background
Background,background
Background,background
Background,background
Background,background
Background,background
Background,background
Background,background
Background,background
Background,background
Background,background
Background,background
Background,background
Background,background
Background,background
Background,background
Background,background
Background,background
Background,background
Background,background
Background,background
Background,background
Background,background
Background,background
Background,background
Background,background
Background,background
Background,background
Background,background
Background,background
Background,background
Background,background
Background,background
Background,background
Background,background
Background,background
Background,background
Background,background
Background,background
Background,background
Background,background
Background,background
Background,background
Background,background
Background,background
Background,background
Background,background
Background,background
Background,background
Background,background
Background,background
Background,background
Background,background
Background,background
Background,background
Background,background
Background,background
Background,background
Background,background
Background,background
Background,background
Background,background
Background,background
Background,background
Background,background
Background,background
Background,background
Background,background
Background,background
Background,background
Background,background
Background,background
Background,background
Background,background
Background,background
Background,background
Background,background
Background,background
Background,background
Background,background
Background,background
Background,background
Background,background
Background,background
Background,background
Background,background
Background,background
Background,background
Background,background
Background,background
Background,background
Background,background
Background,background
Background,background
Background,background
Background,background
Background,background
Background,background
Background,background
Background,background
Background,background
Background,background
Background,background
Background,background
Background,background
Background,background
Background,background
Background,background
Background,background
Background,background
Background,background
Background,background
Background,background
Background,background
Background,background
Background,background
Background,background
Background,background
Background,background
Background,background
Background,background
Background,background
Background,background
Background,background
Background,background
Background,background
Background,background
Background,background
Background,background
Background,background
Background,background
Background,background
Background,background
Background,background
Background,background
Background,background
Background,background
Background,background
Background,background
Background,background
Background,background
Background,background
Background,background
Background,background
Background,background
Background,background
Background,background
Background,background
Background,background
Background,background
Background,background
Background,background
Background,background
Background,background
Background,background
Background,background
Background,background
Background,background
Background,background
Background,background
Background,background
Background,background
Background,background
Background,background
Background,background
Background,background
Background,background
Background,background
Background,background
Background,background
Background,background
Background,background
Background,background
Background,background
Background,background
Background,background
Background,background
Background,background
Background,background
Background,background
Background,background
Background,background
Background,background
Background,background
Background,background
Background,background
Background,background
Background,background
Background,background
Background,background
Background,background
Background,background
Background,background
Background,background
Background,background
Background,background
Background,background
Background,background
Background,background
Background,background
Background,background
Background,background
Background,background
Background,background
Background,background
Background,background
Background,background
Background,background
Background,background
Background,background
Background,background
Background,background
Background,background
Background,background
Background,background
Background,background
Background,background
Background,background
Background,background
Background,background
Background,background
Background,background
Background,background
Background,background
Background,background
Background,background
Background,background
Background,background
Background,background
Background,background
Background,background
Background,background
Background,background
Background,background
Background,background
Background,background
Background,background
Background,background
Background,background
Background,background
Background,background
Background,background
Background,background
Background,background
Background,background
Background,background
Background,background
Background,background
Background,background
Background,background
Background,background
Background,background
Background,background
Background,background
Background,background
Background,background
Background,background
Background,background
Background,background
Background,background
Background,background
Background,background
Background,background
Background,background
Background,background
Background,background
Background,background
Background,background
Background,background
Background,background
Background,background
Background,background
Background,background
Background,background
Background,background
Background,background
Background,background
Background,background
Background,background
Background,background
Background,background
Background,background
Background,background
Background,background
Background,background
Background,background
Background,background
Background,background
Background,background
Background,background
Background,background
Background,background
Background,background
Background,background
Background,background
Background,background
Background,background
Background,background
Background,background
Background,background
Background,background
Background,background
Background,background
Background,background
Background,background
Background,background
Background,background
Background,background
Background,background
Background,background
Background,background
Background,background
Background,background
Background,background
Background,background
Background,background
Background,background
Background,background
Background,background
Background,background
Background,background
Background,background
Background,background
Background,background
Background,background
Background,background
Background,background
Background,background
Background,background
Background,background
Background,background
Background,background
Background,background
Background,background
Background,background
Background,background
Background,background
Background,background
Background,background
Background,background
Background,background
Background,background
Background,background
Background,background
Background,background
Background,background
Background,background
Background,background
Background,background
Background,background
Background,background
Background,background
Background,background
Background,background
Background,background
Background,background
Background,background
Background,background
Background,background
Background,background
Background,background
Background,background
Background,background
Background,background
Background,background
Background,background
Background,background
Background,background
Background,background
Background,background
Background,background
Background,background
Background,background
Background,background
Background,background
Background,background
Background,background
Background,background
Background,background
Background,background
Background,background
interaction,background
interaction,background
interaction,background
interaction,background
interaction,background
interaction,background
interaction,interaction
interaction,interaction
interaction,interaction
interaction,interaction
interaction,interaction
interaction,interaction
interaction,interaction
interaction,interaction
interaction,interaction
interaction,interaction
interaction,interaction
interaction,interaction
interaction,interaction
interaction,interaction
interaction,interaction
interaction,interaction
interaction,interaction
interaction,interaction
interaction,interaction
interaction,interaction
interaction,interaction
interaction,interaction
interaction,interaction
interaction,interaction
Background,interaction
Background,interaction
Background,interaction
Background,interaction
Background,interaction
Background,interaction
Background,interaction
Background,interaction
Background,interaction
Background,interaction
Background,interaction
Background,interaction
Background,interaction
Background,background
Background,background
Background,background
Background,background
Background,background
Background,background
Background,background
Background,background
Background,background
Background,background
Background,background
Background,background
Background,background
Background,background
Background,background
Background,background
Background,background
Background,background
Background,background
Background,background
Background,background
Background,background
Background,background
Background,background
Background,background
Background,background
Background,background
Background,background
Background,background
Background,background
Background,background
Background,background
Background,background
Background,background
Background,background
Background,background
Background,background
Background,background
Background,background
Background,background
Background,background
Background,background
Background,background
Background,background
Background,background
Background,background
Background,background
Background,background
Background,background
Background,background
Background,background
Background,background
Background,background
Background,background
Background,background
Background,background
Background,background
Background,background
Background,background
Background,background
Background,background
Background,background
Background,background
Background,background
Background,background
Background,background
Background,background
Background,background
Background,background
Background,background
Background,background
Background,background
Background,background
Background,background
Background,background
Background,background
Background,background
Background,background
Background,background
Background,background
Background,background
Background,background
Background,background
Background,background
Background,background
Background,background
Background,background
Background,background
Background,background
Background,background
Background,background
Background,background
Background,background
Background,background
Background,background
Background,background
Background,background
Background,background
Background,background
Background,background
Background,background
Background,background
Background,background
Background,background
Background,background
Background,background
Background,background
Background,background
Background,background
Background,background
Background,background
Background,background
Background,background
Background,background
Background,background
Background,background
Background,background
Background,background
Background,background
Background,background
Background,background
Background,background
Background,background
Background,background
Background,background
Background,background
Background,background
Background,background
Background,background
Background,background
Background,background
Background,background
Background,background
Background,background
Background,background
Background,background
Background,background
Background,background
Background,background
Background,background
Background,background
Background,background
Background,background
Background,background
Background,background
Background,background
Background,background
Background,background
Background,background
Background,background
Background,background
Background,background
Background,background
Background,background
Background,background
Background,background
Background,background
Background,background
Background,background
Background,background
Background,background
Background,background
Background,background
Background,background
Background,background
Background,background
Background,background
Background,background
Background,background
Background,background
Background,background
Background,background
Background,background
Background,background
Background,background
Background,background
Background,background
Background,background
Background,background
Background,background
Background,background
Background,background
Background,background
Background,background
Background,background
Background,background
Background,background
Background,background
Background,background
Background,background
Background,background
Background,background
Background,background
Background,background
Background,background
Background,background
Background,background
Background,background
Background,background
Background,background
Background,background
Background,background
Background,background
Background,background
Background,background
Background,background
Background,background
Background,background
Background,background
Background,background
Background,background
Background,background
Background,background
Background,background
Background,background
Background,background
Background,background
Background,background
Background,background
Background,background
Background,background
Background,background
Background,background
Background,background
Background,background
Background,background
Background,background
Background,background
Background,background
Background,background
Background,background
Background,background
Background,background
Background,background
Background,background
Background,background
Background,background
Background,background
Background,background
Background,background
Background,background
Background,background
Background,background
Background,background
Background,background
Background,background
Background,background
Background,background
Background,background
Background,background
Background,background
Background,background
Background,background
Background,background
Background,background
Background,background
Background,background
Background,background
Background,background
Background,background
Background,background
Background,background
Background,background
Background,background
Background,background
Background,background
Background,background
Background,background
Background,background
Background,background
Background,background
Background,background
Background,background
Background,background
Background,background
Background,background
Background,background
Background,background
Background,background
Background,background
Background,background
Background,background
Background,background
Background,background
Background,background
Background,background
Background,background
Background,background
Background,background
Background,background
Background,background
Background,background
Background,background
Background,background
Background,background
Background,background
Background,background
Background,background
Background,background
Background,background
Background,background
Background,background
Background,background
Background,background
Background,background
Background,background
Background,background
Background,background
Background,background
Background,background
Background,background
Background,background
Background,background
Background,background
Background,background
Background,background
Background,background
Background,background
Background,background
Background,background
Background,background
Background,background
Background,background
Background,background
Background,background
Background,background
Background,background
Background,background
Background,background
Background,background
Background,background
Background,background
Background,background
Background,background
Background,background
Background,background
Background,background
Background,background
Background,background
Background,background
Background,background
Background,background
Background,background
Background,background
Background,background
Background,background
Background,background
Background,background
Background,background
Background,background
Background,background
Background,background
Background,background
Background,background
Background,background
Background,background
Background,background
Background,background
Background,background
Background,background
Background,background
Background,background
Background,background
Background,background
Background,background
Background,background
Background,background
Background,background
Background,background
Background,background
Background,background
Background,background
Background,background
Background,background
Background,background
Background,background
Background,background
Background,background
Background,background
Background,background
Background,background
Background,background
Background,background
Background,background
Background,background
Background,background
Background,background
Background,background
Background,background
Background,background
Background,background
Background,background
Background,background
Background,background
Background,background
Background,background
Background,background
Background,background
Background,background
Background,background
Background,background
Background,background
Background,background
Background,background
Background,background
Background,background
Background,background
Background,background
Background,background
Background,background
Background,background
Background,background
Background,background
Background,background
Background,background
Background,background
Background,background
Background,background
Background,background
Background,background
Background,background
Background,background
Background,background
Background,background
Background,background
Background,background
Background,background
Background,background
Background,background
Background,background
Background,background
Background,background
Background,background
Background,background
Background,background
Background,background
Background,background
Background,background
Background,background
Background,background
Background,background
Background,background
Background,background
Background,background
Background,background
Background,background
Background,background
Background,background
Background,background
Background,background
Background,background
Background,background
Background,background
Background,background
Background,background
Background,background
Background,background
Background,background
Background,background
Background,background
Background,background
Background,background
Background,background
Background,background
Background,background
Background,background
Background,background
Background,background
Background,background
Background,background
Background,background
Background,background
Background,background
Background,background
Background,background
Background,background
Background,background
Background,background
Background,background
Background,background
Background,background
Background,background
Background,background
Background,background
Background,background
Background,background
Background,background
Background,background
Background,background
Background,background
Background,background
Background,background
Background,background
Background,background
Background,background
Background,background
Background,background
Background,background
Background,background
Background,background
Background,background
Background,background
Background,background
Background,background
Background,background
Background,background
Background,background
Background,background
Background,background
Background,background
Background,background
Background,background
Background,background
Background,background
Background,background
Background,background
Background,background
Background,background
Background,background
Background,background
Background,background
Background,background
Background,background
Background,background
Background,background
Background,background
Background,background
Background,background
Background,background
Background,background
Background,background
Background,background
Background,background
Background,background
Background,background
Background,background
Background,background
Background,background
Background,background
Background,background
Background,background
Background,background
Background,background
Background,background
Background,background
Background,background
Background,background
Background,background
Background,background
Background,background
Background,background
Background,background
Background,background
Background,background
Background,background
Background,background
Background,background
Background,background
Background,background
Background,background
Background,background
Background,background
Background,background
Background,background
Background,background
Background,background
Background,background
Background,background
Background,background
Background,background
Background,background
Background,background
Background,background
Background,background
Background,background
Background,background
Background,background
Background,background
Background,background
Background,background
Background,background
Background,background
Background,background
Background,background
Background,background
Background,background
Background,background
Background,background
Background,background
Background,background
Background,background
Background,background
Background,background
Background,background
Background,background
Background,background
Background,background
Background,background
Background,background
Background,background
Background,background
Background,background
Background,background
Background,background
Background,background
Background,background
Background,background
Background,background
Background,background
Background,background
Background,background
Background,background
Background,background
Background,background
Background,background
Background,background
Background,background
Background,background
posing,background
posing,background
posing,background
posing,background
posing,background
posing,background
posing,background
Background,background
Background,background
Background,background
Background,background
Background,background
Background,background
Background,background
Background,background
Background,background
Background,background
Background,background
Background,background
Background,background
Background,background
Background,background
Background,background
Background,background
Background,background
Background,background
Background,background
Background,background
Background,background
Background,background
Background,background
Background,background
Background,background
Background,background
Background,background
Background,background
Background,background
Background,background
Background,background
Background,background
Background,background
Background,background
Background,background
Background,background
Background,background
Background,background
Background,background
Background,background
Background,background
Background,background
Background,background
Background,background
Background,background
Background,background
Background,background
Background,background
Background,background
Background,background
Background,background
Background,background
Background,background
Background,background
Background,background
Background,background
Background,background
Background,background
Background,background
Background,background
Background,background
Background,background
Background,background
Background,background
Background,background
Background,background
Background,background
Background,background
Background,background
Background,background
Background,background
Background,background
Background,background
Background,background
Background,background
Background,background
Background,background
Background,background
Background,background
Background,background
Background,background
Background,background
Background,background
Background,background
Background,background
Background,background
Background,background
Background,background
Background,background
Background,background
Background,background
Background,background
Background,background
Background,background
Background,background
Background,background
Background,background
Background,background
Background,background
Background,background
Background,background
Background,background
Background,background
Background,background
Background,background
Background,background
Background,background
Background,background
Background,background
Background,background
Background,background
Background,background
Background,background
Background,background
Background,background
Background,background
Background,background
Background,background
Background,background
Background,background
Background,background
Background,background
Background,background
Background,background
Background,background
Background,background
Background,background
Background,background
Background,background
Background,background
Background,background
Background,background
Background,background
Background,background
Background,background
Background,background
Background,background
Background,background
Background,background
Background,background
Background,background
Background,background
Background,background
Background,background
Background,background
Background,background
Background,background
Background,background
Background,background
Background,background
Background,background
Background,background
Background,background
Background,background
Background,background
Background,background
Background,background
Background,background
Background,background
Background,background
Background,background
Background,background
Background,background
Background,background
Background,background
Background,background
Background,background
Background,background
Background,background
Background,background
Background,background
Background,background
Background,background
Background,background
Background,background
Background,background
Background,background
Background,background
Background,background
Background,background
Background,background
Background,background
Background,background
Background,background
Background,background
Background,background
Background,background
Background,background
Background,background
Background,background
Background,background
Background,background
Background,background
Background,background
Background,background
Background,background
Background,background
Background,background
Background,background
Background,background
Background,background
Background,background
Background,background
Background,background
Background,background
Background,background
Background,background
Background,background
Background,background
Background,background
Background,background
Background,background
Background,background
Background,background
Background,background
Background,background
Background,background
Background,background
Background,background
Background,background
Background,background
Background,background
Background,background
Background,background
Background,background
Background,background
Background,background
Background,background
Background,background
Background,background
Background,background
Background,background
Background,background
Background,background
Background,background
Background,background
Background,background
Background,background
Background,background
Background,background
Background,background
Background,background
Background,background
Background,background
Background,background
Background,background
Background,background
Background,background
Background,background
Background,background
Background,background
Background,background
Background,background
Background,background
Background,background
Background,background
Background,background
Background,background
Background,background
Background,background
Background,background
Background,background
Background,background
Background,background
Background,background
Background,background
Background,background
Background,background
Background,background
Background,background
Background,background
Background,background
Background,background
Background,background
Background,background
Background,background
Background,background
Background,background
Background,background
Background,background
Background,background
Background,background
Background,background
Background,background
Background,background
Background,background
Background,background
Background,background
Background,background
Background,background
Background,background
Background,background
Background,background
Background,background
Background,background
Background,background
Background,background
Background,background
Background,background
Background,background
Background,background
Background,background
Background,background
Background,background
Background,background
Background,background
Background,background
Background,background
Background,background
Background,background
Background,background
Background,background
Background,background
Background,background
Background,background
Background,background
Background,background
Background,background
Background,background
Background,background
Background,background
Background,background
Background,background
Background,background
Background,background
Background,background
Background,background
Background,background
Background,background
Background,background
Background,background
Background,background
Background,background
Background,background
Background,background
Background,background
Background,background
Background,background
Background,background
Background,background
Background,background
Background,background
Background,background
Background,background
Background,background
Background,background
Background,background
Background,background
Background,background
Background,background
Background,background
Background,background
Background,background
Background,background
Background,background
Background,background
Background,background
Background,background
Background,background
Background,background
Background,background
Background,background
Background,background
Background,background
Background,background
Background,background
Background,background
Background,background
Background,background
Background,background
Background,background
Background,background
Background,background
Background,background
Background,background
Background,background
Background,background
Background,background
Background,background
Background,background
Background,background
Background,background
Background,background
Background,background
Background,background
Background,background
Background,background
Background,background
Background,background
Background,background
Background,background
Background,background
Background,background
Background,background
Background,background
Background,background
Background,background
Background,background
Background,background
Background,background
Background,background
Background,background
Background,background
Background,background
Background,background
Background,background
Background,background
Background,background
Background,background
Background,background
Background,background
Background,background
Background,background
Background,background
Background,background
Background,background
Background,background
Background,background
Background,background
Background,background
Background,background
Background,background
Background,background
Background,background
Background,background
Background,background
Background,background
Background,background
Background,background
Background,background
Background,background
Background,background
Background,background
Background,background
Background,background
Background,background
Background,background
Background,background
Background,background
Background,background
Background,background
Background,background
Background,background
Background,background
Background,background
Background,background
Background,background
Background,background
Background,background
Background,background
Background,background
Background,background
Background,background
Background,background
Background,background
Background,background
Background,background
Background,background
Background,background
Background,background
Background,background
Background,background
Background,background
Background,background
Background,background
Background,background
Background,background
Background,background
Background,background
Background,background
Background,background
Background,background
Background,background
Background,background
Background,background
Background,background
Background,background
Background,background
Background,background
Background,background
Background,background
Background,background
Background,background
Background,background
Background,background
Background,background
Background,background
Background,background
Background,background
Background,background
Background,background
Background,background
Background,background
Background,background
Background,background
Background,background
Background,background
Background,background
Background,background
Background,background
Background,background
Background,background
Background,background
Background,background
Background,background
Background,background
Background,background
Background,background
Background,background
Background,background
Background,background
Background,background
Background,background
Background,background
Background,background
Background,background
Background,background
Background,background
Background,background
Background,background
Background,background
Background,background
Background,background
Background,background
Background,background
Background,background
Background,background
Background,background
Background,background
Background,background
Background,background
Background,background
Background,background
Background,background
Background,background
Background,background
Background,background
Background,background
Background,background
Background,background
Background,background
Background,background
Background,background
Background,background
Background,background
Background,background
Background,background
Background,background
Background,background
Background,background
Background,background
Background,background
Background,background
Background,background
Background,background
Background,background
Background,background
Background,background
Background,background
Background,background
Background,background
Background,background
Background,background
Background,background
Background,background
Background,background
Background,background
Background,background
Background,background
Background,background
Background,background
Background,background
Background,background
Background,background
Background,background
Background,background
Background,background
Background,background
Background,background
Background,background
Background,background
Background,background
Background,background
Background,background
Background,background
Background,background
Background,background
Background,background
Background,background
Background,background
Background,background
Background,background
Background,background
Background,background
Background,background
Background,background
Background,background
Background,background
Background,background
Background,background
Background,background
Background,background
Background,background
Background,background
Background,background
Background,background
Background,background
Background,background
Background,background
Background,background
Background,background
Background,background
Background,background
Background,background
Background,background
Background,background
Background,background
Background,background
Background,background
Background,background
Background,background
Background,background
Background,background
Background,background
Background,background
Background,background
Background,background
Background,background
Background,background
Background,background
Background,background
Background,background
Background,background
Background,background
Background,background
Background,background
Background,background
Background,background
Background,background
Background,background
Background,background
Background,background
Background,background
Background,background
Background,background
Background,background
Background,background
Background,background
Background,background
Background,background
Background,background
Background,background
Background,background
Background,background
Background,background
Background,background
Background,background
Background,background
Background,background
Background,background
Background,background
Background,background
Background,background
Background,background
Background,background
Background,background
Background,background
Background,background
Background,background
Background,background
Background,background
Background,background
Background,background
Background,background
Background,background
Background,background
Background,background
Background,background
Background,background
Background,background
Background,background
Background,background
Background,background
Background,background
Background,background
Background,background
Background,background
Background,background
Background,background
Background,background
Background,background
Background,background
Background,background
Background,background
Background,background
Background,background
Background,background
Background,background
Background,background
Background,background
Background,background
Background,background
Background,background
Background,background
Background,background
Background,background
Background,background
Background,background
Background,background
Background,background
Background,background
Background,background
Background,background
Background,background
Background,background
Background,background
Background,background
Background,background
Background,background
Background,background
Background,background
Background,background
Background,background
Background,background
Background,background
Background,background
Background,background
Background,background
Background,background
Background,background
Background,background
Background,background
Background,background
Background,background
Background,background
Background,background
Background,background
Background,background
Background,background
Background,background
Background,background
Background,background
Background,background
Background,background
Background,background
Background,background
Background,background
Background,background
Background,background
Background,background
Background,background
Background,background
Background,background
Background,background
Background,background
Background,background
Background,background
Background,background
Background,background
Background,background
Background,background
Background,background
Background,background
Background,background
Background,background
Background,background
Background,background
Background,background
Background,background
Background,background
Background,background
Background,background
Background,background
Background,background
Background,background
Background,background
Background,background
Background,background
Background,background
Background,background
Background,background
Background,background
Background,background
Background,background
Background,background
Background,background
Background,background
Background,background
Background,background
Background,background
Background,background
Background,background
Background,background
Background,background
Background,background
Background,background
Background,background
Background,background
Background,background
Background,background
Background,background
Background,background
Background,background
Background,background
Background,background
Background,background
Background,background
Background,background
Background,background
Background,background
Background,background
Background,background
Background,background
Background,background
Background,background
Background,background
Background,background
Background,background
Background,background
Background,background
Background,background
Background,background
Background,background
Background,background
Background,background
Background,background
Background,background
Background,background
Background,background
Background,background
Background,background
Background,background
Background,background
Background,background
Background,background
Background,background
Background,background
Background,background
Background,background
Background,background
Background,background
Background,background
Background,background
Background,background
Background,background
Background,background
Background,background
Background,background
Background,background
Background,background
Background,background
Background,background
Background,background
Background,background
Background,background
Background,background
Background,background
Background,background
Background,background
Background,background
Background,background
Background,background
Background,background
Background,background
Background,background
Background,background
Background,background
Background,background
Background,background
Background,background
Background,background
Background,background
Background,background
Background,background
Background,background
Background,background
Background,background
Background,background
Background,background
Background,background
Background,background
Background,background
Background,background
Background,background
Background,background
Background,background
Background,background
Background,background
Background,background
Background,background
Background,background
Background,background
Background,background
Background,background
Background,background
Background,background
Background,background
Background,background
Background,background
Background,background
Background,background
Background,background
Background,background
Background,background
Background,background
Background,background
Background,background
Background,background
Background,background
Background,background
Background,background
Background,background
Background,background
Background,background
Background,background
Background,background
Background,background
Background,background
Background,background
Background,background
Background,background
Background,background
Background,background
Background,background
Background,background
Background,background
Background,background
Background,background
Background,background
Background,background
Background,background
Background,background
Background,background
Background,background
Background,background
Background,background
Background,background
Background,background
Background,background
Background,background
Background,background
Background,background
Background,background
Background,background
Background,background
Background,background
Background,background
Background,background
Background,background
Background,background
Background,background
Background,background
Background,background
Background,background
Background,background
Background,background
Background,background
Background,background
Background,background
Background,background
Background,background
Background,background
Background,background
Background,background
Background,background
Background,background
Background,background
Background,background
Background,background
Background,background
Background,background
Background,background
Background,background
Background,background
Background,background
Background,background
Background,background
Background,background
Background,background
Background,background
Background,background
Background,background
Background,background
Background,background
Background,background
Background,background
Background,background
Background,background
Background,background
Background,background
Background,background
Background,background
Background,background
Background,background
Background,background
Background,background
Background,background
Background,background
Background,background
Background,background
Background,background
Background,background
Background,background
Background,background
Background,background
Background,background
Background,background
Background,background
Background,background
Background,background
Background,background
Background,background
Background,background
Background,background
Background,background
Background,background
Background,background
Background,background
Background,background
Background,background
Background,background
Background,background
Background,background
Background,background
Background,background
Background,background
Background,background
Background,background
Background,background
Background,background
Background,background
Background,background
Background,background
Background,background
Background,background
Background,background
Background,background
Background,background
Background,background
Background,background
Background,background
Background,background
Background,background
Background,background
Background,background
Background,background
Background,background
Background,background
Background,background
Background,background
Background,background
Background,background
Background,background
Background,background
Background,background
Background,background
Background,background
Background,background
Background,background
Background,background
Background,background
Background,background
Background,background
Background,background
Background,background
Background,background
Background,background
Background,background
Background,background
Background,background
Background,background
Background,background
Background,background
Background,background
Background,background
Background,background
Background,background
Background,background
Background,background
Background,background
Background,background
Background,background
Background,background
Background,background
Background,background
Background,background
Background,background
Background,background
Background,background
Background,background
Background,background
Background,background
Background,background
Background,background
Background,background
Background,background
Background,background
Background,background
Background,background
Background,background
Background,background
Background,background
Background,background
Background,background
Background,background
Background,background
Background,background
Background,background
Background,background
Background,background
Background,background
Background,background
Background,background
Background,background
Background,background
Background,background
Background,background
Background,background
Background,background
Background,background
Background,background
Background,background
Background,background
Background,background
Background,background
Background,background
Background,background
Background,background
Background,background
Background,background
Background,background
Background,background
Background,background
Background,background
Background,background
Background,background
Background,background
Background,background
Background,background
Background,background
Background,background
Background,background
Background,background
Background,background
Background,background
Background,background
Background,background
Background,background
Background,background
Background,background
Background,background
Background,background
Background,background
Background,background
Background,background
Background,background
Background,background
Background,background
Background,background
Background,background
Background,background
Background,background
Background,background
Background,background
Background,background
Background,background
Background,background
Background,background
Background,background
Background,background
Background,background
Background,background
Background,background
Background,background
Background,background
Background,background
Background,background
Background,background
Background,background
Background,background
Background,background
Background,background
Background,background
Background,background
Background,background
Background,background
Background,background
Background,background
Background,background
Background,background
Background,background
Background,background
Background,background
Background,background
Background,background
Background,background
Background,background
Background,background
Background,background
Background,background
Background,background
Background,background
Background,background
Background,background
Background,background
Background,background
Background,background
Background,background
Background,background
Background,background
Background,background
Background,background
Background,background
Background,background
Background,background
Background,background
Background,background
Background,background
Background,background
Background,background
Background,background
Background,background
Background,background
Background,background
Background,background
Background,background
Background,background
Background,background
Background,background
Background,background
Background,background
Background,background
Background,background
Background,background
Background,background
Background,background
Background,background
Background,background
Background,background
Background,background
Background,background
Background,background
Background,background
Background,background
Background,background
Background,background
Background,background
Background,background
Background,background
Background,background
Background,background
Background,background
Background,background
Background,background
Background,background
Background,background
Background,background
Background,background
Background,background
Background,background
Background,background
Background,background
Background,background
Background,background
Background,background
Background,background
Background,background
Background,background
Background,background
Background,background
Background,background
Background,background
Background,background
Background,background
Background,background
Background,background
Background,background
Background,background
Background,background
Background,background
Background,background
Background,background
Background,background
Background,background
Background,background
Background,background
Background,background
Background,background
Background,background
Background,background
Background,background
Background,background
Background,background
Background,background
Background,background
Background,background
Background,background
Background,background
Background,background
Background,background
Background,background
Background,background
Background,background
Background,background
Background,background
Background,background
Background,background
Background,background
Background,background
Background,background
Background,background
Background,background
Background,background
Background,background
Background,background
Background,background
Background,background
Background,background
Background,background
Background,background
posing,background
posing,background
posing,background
posing,background
posing,background
posing,background
Background,background
Background,background
Background,background
Background,background
Background,background
Background,background
Background,background
Background,background
Background,background
Background,background
Background,background
Background,background
Background,background
Background,background
Background,background
Background,background
Background,background
Background,background
Background,background
Background,background
Background,background
Background,background
Background,background
Background,background
Background,background
Background,background
Background,background
Background,background
Background,background
Background,background
Background,background
Background,background
Background,background
Background,background
Background,background
Background,background
Background,background
Background,background
Background,background
Background,background
Background,background
Background,background
Background,background
Background,background
Background,background
Background,background
Background,background
Background,background
Background,background
Background,background
Background,background
Background,background
Background,background
Background,background
Background,background
Background,background
Background,background
Background,background
Background,background
Background,background
Background,background
Background,background
Background,background
Background,background
Background,background
Background,background
Background,background
Background,background
Background,background
Background,background
Background,background
Background,background
Background,background
Background,background
Background,background
Background,background
Background,background
Background,background
Background,background
Background,background
Background,background
Background,background
Background,background
Background,background
Background,background
Background,background
Background,background
Background,background
Background,background
Background,background
Background,background
Background,background
Background,background
Background,background
Background,background
Background,background
Background,background
Background,background
Background,background
Background,background
Background,background
Background,background
Background,background
Background,background
Background,background
Background,background
Background,background
Background,background
Background,background
Background,background
Background,background
Background,background
Background,background
Background,background
Background,background
Background,background
Background,background
Background,background
Background,background
Background,background
Background,background
Background,background
Background,background
Background,background
Background,background
Background,background
Background,background
Background,background
Background,background
Background,background
Background,background
Background,background
Background,background
Background,background
Background,background
Background,background
Background,background
Background,background
Background,background
Background,background
Background,background
Background,background
Background,background
Background,background
Background,background
Background,background
Background,background
Background,background
Background,background
Background,background
Background,background
Background,background
Background,background
Background,background
Background,background
Background,background
Background,background
Background,background
Background,background
Background,background
Background,background
Background,background
Background,background
Background,background
Background,background
Background,background
Background,background
Background,background
Background,background
Background,background
Background,background
Background,background
Background,background
Background,background
Background,background
Background,background
Background,background
Background,background
Background,background
Background,background
Background,background
Background,background
Background,background
Background,background
Background,background
Background,background
Background,background
Background,background
Background,background
Background,background
Background,background
Background,background
Background,background
Background,background
Background,background
Background,background
Background,background
Background,background
Background,background
Background,background
Background,background
Background,background
Background,background
Background,background
Background,background
Background,background
Background,background
Background,background
Background,background
Background,background
Background,background
Background,background
Background,background
Background,background
Background,background
Background,background
Background,background
Background,background
Background,background
Background,background
Background,background
Background,background
Background,background
Background,background
Background,background
Background,background
Background,background
Background,background
Background,background
Background,background
Background,background
Background,background
Background,background
Background,background
Background,background
Background,background
Background,background
Background,background
Background,background
Background,background
Background,background
Background,background
Background,background
Background,background
Background,background
Background,background
Background,background
Background,background
Background,background
Background,background
Background,background
Background,background
Background,background
Background,background
Background,background
Background,background
Background,background
Background,background
Background,background
Background,background
Background,background
Background,background
Background,background
Background,background
Background,background
Background,background
Background,background
Background,background
Background,background
Background,background
Background,background
Background,background
Background,background
Background,background
Background,background
Background,background
Background,background
Background,background
Background,background
Background,background
Background,background
Background,background
Background,background
Background,background
Background,background
Background,background
Background,background
Background,background
Background,background
Background,background
Background,background
Background,background
Background,background
Background,background
Background,background
Background,background
Background,background
Background,background
Background,background
Background,background
Background,background
Background,background
Background,background
Background,background
Background,background
Background,background
Background,background
Background,background
Background,background
Background,background
Background,background
Background,background
Background,background
Background,background
Background,background
Background,background
Background,background
Background,background
Background,background
Background,background
Background,background
Background,background
Background,background
Background,background
Background,background
Background,background
Background,background
Background,background
Background,background
Background,background
Background,background
Background,background
Background,background
Background,background
Background,background
Background,background
Background,background
Background,background
Background,background
Background,background
Background,background
Background,background
Background,background
Background,background
Background,background
Background,background
Background,background
Background,background
Background,background
Background,background
Background,background
Background,background
Background,background
Background,background
Background,background
Background,background
Background,background
Background,background
Background,background
Background,background
Background,background
Background,background
Background,background
Background,background
Background,background
Background,background
Background,background
Background,background
Background,background
Background,background
Background,background
Background,background
Background,background
Background,background
Background,background
Background,background
Background,background
Background,background
Background,background
Background,background
Background,background
Background,background
Background,background
Background,background
Background,background
Background,background
Background,background
Background,background
Background,background
Background,background
Background,background
Background,background
Background,background
Background,background
Background,background
Background,background
Background,background
Background,background
Background,background
Background,background
Background,background
Background,background
Background,background
Background,background
Background,background
Background,background
Background,background
Background,background
Background,background
Background,background
Background,background
Background,background
Background,background
Background,background
Background,background
Background,background
Background,background
Background,background
Background,background
Background,background
Background,background
Background,background
Background,background
Background,background
Background,background
Background,background
Background,background
Background,background
Background,background
Background,background
Background,background
Background,background
Background,background
Background,background
Background,background
Background,background
Background,background
Background,background
Background,background
Background,background
Background,background
Background,background
Background,background
Background,background
Background,background
Background,background
Background,background
Background,background
Background,background
Background,background
Background,background
Background,background
Background,background
Background,background
Background,background
Background,background
Background,background
Background,background
Background,background
Background,background
Background,background
Background,background
Background,background
Background,background
Background,background
Background,background
Background,background
Background,background
Background,background
Background,background
Background,background
Background,background
Background,background
Background,background
Background,background
Background,background
Background,background
Background,background
Background,background
Background,background
Background,background
Background,background
Background,background
Background,background
Background,background
Background,background
Background,background
Background,background
Background,background
Background,background
Background,background
Background,background
Background,background
Background,background
Background,background
Background,background
Background,background
Background,background
Background,background
Background,background
Background,background
Background,background
Background,background
Background,background
Background,background
Background,background
Background,background
Background,background
Background,background
Background,background
Background,background
Background,background
Background,background
Background,background
Background,background
Background,background
Background,background
Background,background
Background,background
Background,background
Background,background
Background,background
Background,background
Background,background
Background,background
Background,background
Background,background
Background,background
Background,background
Background,background
Background,background
Background,background
Background,background
Background,background
Background,background
Background,background
Background,background
Background,background
Background,background
Background,background
Background,background
Background,background
Background,background
Background,background
Background,background
Background,background
Background,background
Background,background
Background,background
Background,background
Background,background
Background,background
Background,background
Background,background
Background,background
Background,background
Background,background
Background,background
Background,background
Background,background
Background,background
Background,background
Background,background
Background,background
Background,background
Background,background
Background,background
Background,background
Background,background
Background,background
Background,background
Background,background
Background,background
Background,background
Background,background
Background,background
Background,background
Background,background
Background,background
Background,background
Background,background
Background,background
Background,background
Background,background
Background,background
Background,background
Background,background
Background,background
Background,background
Background,background
Background,background
Background,background
Background,background
Background,background
Background,background
Background,background
Background,background
Background,background
Background,background
Background,background
Background,background
Background,background
Background,background
Background,background
Background,background
Background,background
Background,background
Background,background
Background,background
Background,background
Background,background
Background,background
Background,background
Background,background
Background,background
Background,background
Background,background
Background,background
Background,background
Background,background
Background,background
Background,background
Background,background
Background,background
Background,background
Background,background
Background,background
Background,background
Background,background
Background,background
Background,background
Background,background
Background,background
Background,background
Background,background
Background,background
Background,background
Background,background
Background,background
Background,background
Background,background
Background,background
Background,background
Background,background
Background,background
Background,background
Background,background
Background,background
Background,background
Background,background
Background,background
Background,background
Background,background
Background,background
Background,background
Background,background
Background,background
Background,background
Background,background
Background,background
Background,background
Background,background
Background,background
Background,background
Background,background
Background,background
Background,background
Background,background
Background,background
Background,background
Background,background
Background,background
Background,background
Background,background
Background,background
Background,background
Background,background
Background,background
Background,background
Background,background
Background,background
Background,background
Background,background
Background,background
Background,background
Background,background
Background,background
Background,background
Background,background
Background,background
Background,background
Background,background
Background,background
Background,background
Background,background
Background,background
Background,background
Background,background
Background,background
Background,background
Background,background
Background,background
Background,background
Background,background
Background,background
Background,background
Background,background
Background,background
Background,background
Background,background
Background,background
Background,background
Background,background
Background,background
Background,background
Background,background
Background,background
Background,background
Background,background
Background,background
Background,background
Background,background
Background,background
Background,background
Background,background
Background,background
Background,background
Background,background
Background,background
Background,background
Background,background
Background,background
Background,background
Background,background
Background,background
Background,background
Background,background
Background,background
Background,background
Background,background
Background,background
Background,background
Background,background
Background,background
Background,background
Background,background
Background,background
Background,background
Background,background
Background,background
Background,background
Background,background
Background,background
Background,background
Background,background
Background,background
Background,background
Background,background
Background,background
Background,background
Background,background
Background,background
Background,background
Background,background
Background,background
Background,background
Background,background
Background,background
Background,background
Background,background
Background,background
Background,background
interaction,background
interaction,background
interaction,background
interaction,background
interaction,background
interaction,background
interaction,background
interaction,background
interaction,background
interaction,background
interaction,background
interaction,background
interaction,background
interaction,background
interaction,background
interaction,background
interaction,background
interaction,background
interaction,background
interaction,background
interaction,background
interaction,background
interaction,background
interaction,background
interaction,background
interaction,background
interaction,background
interaction,background
interaction,background
interaction,background
interaction,background
interaction,background
interaction,background
interaction,background
interaction,background
interaction,background
interaction,background
interaction,background
interaction,background
interaction,background
interaction,interaction
interaction,interaction
interaction,interaction
interaction,interaction
interaction,interaction
interaction,interaction
interaction,interaction
interaction,interaction
interaction,interaction
interaction,interaction
interaction,interaction
interaction,interaction
interaction,interaction
interaction,interaction
interaction,interaction
interaction,interaction
interaction,interaction
interaction,interaction
interaction,interaction
interaction,interaction
interaction,interaction
interaction,interaction
interaction,interaction
interaction,interaction
interaction,interaction
interaction,interaction
interaction,interaction
interaction,interaction
interaction,interaction
interaction,interaction
interaction,interaction
interaction,interaction
interaction,interaction
interaction,interaction
interaction,interaction
interaction,interaction
interaction,interaction
interaction,interaction
interaction,interaction
interaction,interaction
interaction,interaction
interaction,interaction
interaction,interaction
interaction,interaction
interaction,interaction
interaction,interaction
interaction,interaction
interaction,interaction
interaction,interaction
interaction,interaction
interaction,interaction
interaction,interaction
interaction,interaction
interaction,interaction
interaction,interaction
interaction,interaction
interaction,interaction
interaction,interaction
interaction,interaction
interaction,interaction
interaction,interaction
interaction,interaction
interaction,interaction
interaction,interaction
interaction,interaction
interaction,interaction
interaction,interaction
interaction,interaction
interaction,interaction
interaction,interaction
interaction,interaction
interaction,interaction
interaction,interaction
interaction,interaction
interaction,interaction
interaction,interaction
interaction,interaction
interaction,interaction
interaction,interaction
interaction,interaction
interaction,interaction
interaction,interaction
interaction,interaction
interaction,interaction
interaction,interaction
interaction,interaction
interaction,interaction
interaction,interaction
interaction,interaction
interaction,interaction
interaction,interaction
interaction,interaction
interaction,interaction
interaction,interaction
interaction,interaction
interaction,interaction
interaction,interaction
interaction,interaction
interaction,interaction
interaction,interaction
interaction,interaction
interaction,interaction
interaction,interaction
interaction,interaction
interaction,interaction
interaction,interaction
interaction,interaction
interaction,interaction
interaction,interaction
interaction,interaction
interaction,interaction
interaction,interaction
interaction,interaction
interaction,interaction
interaction,interaction
interaction,interaction
interaction,interaction
interaction,interaction
interaction,interaction
interaction,interaction
interaction,interaction
interaction,interaction
interaction,interaction
interaction,interaction
interaction,interaction
interaction,interaction
Background,interaction
Background,interaction
Background,interaction
Background,interaction
Background,interaction
Background,interaction
Background,interaction
Background,background
Background,background
Background,background
Background,background
Background,background
Background,background
Background,background
Background,background
Background,background
Background,background
Background,background
Background,background
Background,background
Background,background
Background,background
Background,background
Background,background
Background,background
Background,background
Background,background
Background,background
Background,background
Background,background
Background,background
Background,background
Background,background
Background,background
Background,background
Background,background
Background,background
Background,background
Background,background
Background,background
Background,background
Background,background
Background,background
Background,background
Background,background
Background,background
Background,background
Background,background
Background,background
Background,background
Background,background
Background,background
Background,background
Background,background
Background,background
Background,background
Background,background
Background,background
Background,background
Background,background
Background,background
Background,background
Background,background
Background,background
Background,background
Background,background
Background,background
Background,background
Background,background
Background,background
Background,background
Background,background
Background,background
Background,background
Background,background
Background,background
Background,background
Background,background
Background,background
Background,background
Background,background
Background,background
Background,background
Background,background
Background,background
Background,background
Background,background
Background,background
Background,background
Background,background
Background,background
Background,background
Background,background
Background,background
Background,background
Background,background
Background,background
Background,background
Background,background
Background,background
Background,background
Background,background
Background,background
Background,background
Background,background
Background,background
Background,background
Background,background
Background,background
Background,background
Background,background
Background,background
Background,background
Background,background
Background,background
Background,background
Background,background
Background,background
Background,background
Background,background
Background,background
Background,background
Background,background
Background,background
Background,background
Background,background
Background,background
Background,background
Background,background
Background,background
Background,background
Background,background
Background,background
Background,background
Background,background
Background,background
Background,background
Background,background
Background,background
Background,background
Background,background
Background,background
Background,background
Background,background
Background,background
Background,background
Background,background
Background,background
Background,background
Background,background
Background,background
Background,background
Background,background
Background,background
Background,background
Background,background
Background,background
Background,background
Background,background
Background,background
Background,background
Background,background
Background,background
Background,background
Background,background
Background,background
Background,background
Background,background
Background,background
Background,background
Background,background
Background,background
Background,background
Background,background
Background,background
Background,background
Background,background
Background,background
Background,background
Background,background
Background,background
Background,background
Background,background
Background,background
Background,background
Background,background
Background,background
Background,background
Background,background
Background,background
Background,background
Background,background
Background,background
Background,background
Background,background
Background,background
Background,background
Background,background
Background,background
Background,background
Background,background
Background,background
Background,background
Background,background
Background,background
Background,background
Background,background
Background,background
Background,background
Background,background
Background,background
Background,background
Background,background
Background,background
Background,background
Background,background
Background,background
Background,background
Background,background
Background,background
Background,background
Background,background
Background,background
Background,background
Background,background
Background,background
Background,background
Background,background
Background,background
Background,background
Background,background
Background,background
Background,background
Background,background
Background,background
Background,background
Background,background
Background,background
Background,background
Background,background
Background,background
Background,background
Background,background
Background,background
Background,background
Background,background
Background,background
Background,background
Background,background
Background,background
Background,background
Background,background
Background,background
Background,background
Background,background
Background,background
Background,background
Background,background
Background,background
Background,background
Background,background
Background,background
Background,background
Background,background
Background,background
Background,background
Background,background
Background,background
Background,background
Background,background
Background,background
Background,background
Background,background
Background,background
Background,background
Background,background
Background,background
Background,background
Background,background
Background,background
Background,background
Background,background
Background,background
Background,background
Background,background
Background,background
Background,background
Background,background
Background,background
Background,background
Background,background
Background,background
Background,background
Background,background
Background,background
Background,background
Background,background
Background,background
Background,background
Background,background
Background,background
Background,background
Background,background
Background,background
Background,background
Background,background
Background,background
Background,background
Background,background
Background,background
Background,background
Background,background
Background,background
Background,background
Background,background
Background,background
Background,background
Background,background
Background,background
Background,background
Background,background
Background,background
Background,background
Background,background
Background,background
Background,background
Background,background
Background,background
Background,background
Background,background
Background,background
Background,background
Background,background
Background,background
Background,background
Background,background
Background,background
Background,background
Background,background
Background,background
Background,background
Background,background
Background,background
Background,background
Background,background
Background,background
Background,background
Background,background
Background,background
Background,background
Background,background
Background,background
Background,background
Background,background
Background,background
Background,background
Background,background
Background,background
Background,background
Background,background
Background,background
Background,background
Background,background
Background,background
Background,background
Background,background
Background,background
Background,background
Background,background
Background,background
Background,background
Background,background
Background,background
Background,background
Background,background
Background,background
Background,background
Background,background
Background,background
Background,background
Background,background
Background,background
Background,background
Background,background
Background,background
Background,background
Background,background
Background,background
Background,background
Background,background
Background,background
Background,background
Background,background
Background,background
Background,background
Background,background
Background,background
Background,background
Background,background
Background,background
Background,background
Background,background
Background,background
Background,background
Background,background
Background,background
Background,background
Background,background
Background,background
Background,background
Background,background
Background,background
Background,background
Background,background
Background,background
Background,background
Background,background
Background,background
Background,background
Background,interaction
Background,interaction
Background,interaction
Background,interaction
Background,interaction
Background,interaction
Background,interaction
Background,interaction
Background,interaction
Background,interaction
Background,interaction
Background,interaction
Background,interaction
Background,interaction
Background,interaction
Background,interaction
Background,interaction
Background,interaction
Background,interaction
Background,interaction
Background,interaction
Background,interaction
Background,interaction
Background,interaction
Background,interaction
Background,interaction
Background,interaction
Background,interaction
Background,interaction
Background,interaction
Background,interaction
Background,interaction
Background,interaction
Background,interaction
Background,interaction
Background,interaction
Background,interaction
Background,interaction
Background,interaction
Background,interaction
Background,interaction
Background,interaction
Background,interaction
Background,interaction
Background,interaction
Background,interaction
Background,interaction
Background,interaction
Background,interaction
Background,interaction
Background,interaction
Background,interaction
Background,interaction
Background,interaction
Background,interaction
Background,interaction
Background,interaction
Background,interaction
Background,interaction
Background,interaction
Background,interaction
Background,interaction
Background,interaction
Background,interaction
Background,interaction
Background,interaction
Background,interaction
Background,interaction
Background,interaction
Background,interaction
Background,interaction
Background,interaction
Background,interaction
Background,interaction
Background,interaction
interaction,interaction
interaction,interaction
interaction,interaction
interaction,interaction
interaction,interaction
interaction,interaction
interaction,interaction
interaction,interaction
interaction,interaction
interaction,interaction
interaction,interaction
interaction,interaction
interaction,interaction
interaction,interaction
interaction,interaction
interaction,interaction
interaction,interaction
interaction,interaction
interaction,interaction
interaction,interaction
interaction,interaction
interaction,interaction
interaction,interaction
interaction,interaction
interaction,interaction
interaction,interaction
interaction,interaction
interaction,interaction
interaction,interaction
interaction,interaction
interaction,interaction
interaction,interaction
interaction,interaction
interaction,interaction
interaction,interaction
interaction,interaction
interaction,interaction
interaction,interaction
interaction,interaction
interaction,interaction
interaction,interaction
interaction,interaction
interaction,interaction
interaction,interaction
interaction,interaction
interaction,interaction
interaction,interaction
interaction,interaction
interaction,interaction
interaction,interaction
interaction,interaction
interaction,interaction
interaction,interaction
interaction,interaction
interaction,interaction
interaction,interaction
interaction,interaction
interaction,interaction
interaction,interaction
interaction,interaction
interaction,interaction
interaction,interaction
interaction,interaction
interaction,interaction
interaction,interaction
interaction,interaction
interaction,interaction
interaction,interaction
interaction,interaction
interaction,interaction
interaction,interaction
interaction,interaction
interaction,interaction
interaction,interaction
interaction,interaction
interaction,interaction
interaction,interaction
interaction,interaction
interaction,interaction
interaction,interaction
interaction,interaction
interaction,interaction
interaction,interaction
interaction,interaction
interaction,interaction
interaction,interaction
interaction,interaction
interaction,interaction
interaction,interaction
interaction,interaction
interaction,interaction
interaction,interaction
interaction,interaction
interaction,interaction
interaction,interaction
interaction,interaction
interaction,interaction
interaction,interaction
interaction,interaction
interaction,interaction
interaction,interaction
interaction,interaction
interaction,interaction
interaction,interaction
interaction,interaction
interaction,interaction
interaction,interaction
interaction,interaction
interaction,interaction
interaction,interaction
interaction,interaction
interaction,interaction
interaction,interaction
interaction,interaction
interaction,interaction
interaction,interaction
interaction,interaction
interaction,interaction
interaction,interaction
interaction,interaction
interaction,interaction
interaction,interaction
interaction,interaction
interaction,interaction
interaction,interaction
interaction,interaction
interaction,interaction
interaction,interaction
interaction,interaction
interaction,interaction
interaction,interaction
interaction,interaction
interaction,interaction
interaction,interaction
interaction,interaction
interaction,interaction
interaction,interaction
interaction,interaction
interaction,interaction
interaction,interaction
interaction,interaction
interaction,interaction
interaction,interaction
interaction,interaction
interaction,interaction
interaction,interaction
interaction,interaction
interaction,interaction
interaction,interaction
interaction,interaction
interaction,interaction
interaction,interaction
interaction,interaction
interaction,interaction
interaction,interaction
interaction,interaction
interaction,interaction
interaction,interaction
interaction,interaction
interaction,interaction
interaction,interaction
interaction,interaction
interaction,interaction
interaction,interaction
interaction,background
interaction,background
interaction,background
interaction,background
interaction,background
interaction,background
interaction,background
interaction,background
interaction,background
interaction,background
interaction,background
interaction,background
interaction,background
interaction,background
interaction,background
interaction,background
interaction,background
interaction,background
interaction,background
interaction,background
interaction,background
Background,background
Background,background
Background,background
Background,background
Background,background
Background,background
Background,background
Background,background
Background,background
Background,background
Background,background
Background,background
Background,background
Background,background
Background,background
Background,background
Background,background
Background,background
Background,background
Background,background
Background,background
Background,background
Background,background
Background,background
Background,background
Background,background
Background,background
Background,background
Background,background
Background,background
Background,background
Background,background
Background,background
Background,background
Background,background
Background,background
Background,background
Background,background
Background,background
Background,background
Background,background
Background,background
Background,background
Background,background
Background,background
Background,background
Background,background
Background,background
Background,background
Background,background
Background,background
Background,background
Background,background
Background,background
Background,background
Background,background
Background,background
Background,background
Background,background
Background,background
Background,background
Background,background
Background,background
Background,background
Background,background
Background,background
Background,background
Background,background
Background,background
Background,background
Background,background
Background,background
Background,background
Background,background
Background,background
Background,background
Background,background
Background,background
Background,background
Background,background
Background,background
Background,background
Background,background
Background,background
Background,background
Background,background
Background,background
Background,background
Background,background
Background,background
Background,background
Background,background
Background,background
Background,background
Background,background
Background,background
Background,background
Background,background
Background,background
Background,background
Background,background
Background,background
Background,background
Background,background
Background,background
Background,background
Background,background
Background,background
Background,background
Background,background
Background,background
Background,background
Background,background
Background,background
Background,background
Background,background
Background,background
Background,background
Background,background
Background,background
Background,background
Background,background
Background,background
Background,background
Background,background
Background,background
Background,background
Background,background
Background,background
Background,background
Background,background
Background,background
Background,background
Background,background
Background,background
Background,background
Background,background
Background,background
Background,background
Background,background
Background,background
Background,background
Background,background
Background,background
Background,background
Background,background
Background,background
Background,background
Background,background
Background,background
Background,background
Background,background
Background,background
Background,background
Background,background
Background,background
Background,background
Background,background
Background,background
Background,background
Background,background
Background,background
Background,background
Background,background
Background,background
Background,background
Background,background
Background,background
Background,background
Background,background
Background,background
Background,background
Background,background
Background,background
Background,background
Background,background
Background,background
Background,background
Background,background
Background,background
Background,background
Background,background
Background,background
Background,background
Background,background
Background,background
Background,background
Background,background
Background,background
Background,background
Background,background
Background,background
Background,background
Background,background
Background,background
Background,background
Background,background
Background,background
Background,background
Background,background
Background,background
Background,background
Background,background
Background,background
Background,background
Background,background
Background,background
Background,background
Background,background
Background,background
Background,background
Background,background
Background,background
Background,background
Background,background
Background,background
Background,background
Background,background
Background,background
Background,background
Background,background
Background,background
Background,background
Background,background
Background,background
Background,background
Background,background
Background,background
Background,background
Background,background
Background,background
Background,background
Background,background
Background,background
Background,background
Background,background
Background,background
Background,background
Background,background
Background,background
Background,background
Background,background
Background,background
Background,background
Background,background
Background,background
Background,background
Background,background
Background,background
Background,background
Background,background
Background,background
Background,background
Background,background
Background,background
Background,background
Background,background
Background,background
Background,background
Background,background
Background,background
Background,background
Background,background
Background,background
posing,background
posing,background
posing,background
posing,background
posing,background
posing,background
Background,background
Background,background
Background,background
Background,background
Background,background
Background,background
Background,background
Background,background
Background,background
Background,background
Background,background
Background,background
Background,background
Background,background
Background,background
Background,background
Background,background
Background,background
Background,background
Background,background
Background,background
Background,background
Background,background
Background,background
Background,background
Background,background
Background,background
Background,background
Background,background
Background,background
Background,background
Background,background
Background,background
Background,background
Background,background
Background,background
Background,background
Background,background
Background,background
Background,background
Background,background
Background,background
Background,background
Background,background
Background,background
Background,background
Background,background
Background,background
Background,background
Background,background
Background,background
Background,background
Background,background
Background,background
Background,background
Background,background
Background,background
Background,background
Background,background
Background,background
Background,background
Background,background
Background,background
Background,background
Background,background
Background,background
Background,background
Background,background
Background,background
Background,background
Background,background
Background,background
Background,background
Background,background
Background,background
Background,background
Background,background
Background,background
Background,background
Background,background
Background,background
Background,background
Background,background
Background,background
Background,background
Background,background
Background,background
Background,background
Background,background
Background,background
Background,background
Background,background
Background,background
Background,background
Background,background
Background,background
Background,background
Background,background
Background,background
Background,background
Background,background
Background,background
Background,background
Background,background
Background,background
Background,background
Background,background
Background,background
Background,background
Background,background
Background,background
Background,background
Background,background
Background,background
Background,background
Background,background
Background,background
Background,background
Background,background
Background,background
Background,background
Background,background
Background,background
Background,background
Background,background
Background,background
Background,background
Background,background
Background,background
Background,background
Background,background
Background,background
Background,background
Background,background
Background,background
Background,background
Background,background
Background,background
Background,background
Background,background
Background,background
Background,background
Background,background
Background,background
Background,background
Background,background
Background,background
Background,background
Background,background
Background,background
Background,background
Background,background
Background,background
Background,background
Background,background
Background,background
Background,background
Background,background
Background,background
Background,background
Background,background
Background,background
Background,background
Background,background
Background,background
Background,background
Background,background
Background,background
Background,background
Background,background
Background,background
Background,background
Background,background
Background,background
Background,background
Background,background
Background,background
Background,background
Background,background
Background,background
Background,background
Background,background
Background,background
Background,background
Background,background
Background,background
Background,background
Background,background
Background,background
Background,background
Background,background
Background,background
Background,background
Background,background
Background,background
Background,background
Background,background
Background,background
Background,background
Background,background
Background,background
Background,background
Background,background
Background,background
Background,background
Background,background
Background,background
Background,background
Background,background
Background,background
Background,background
Background,background
Background,background
Background,background
Background,background
Background,background
Background,background
Background,background
Background,background
Background,background
Background,background
Background,background
Background,background
Background,background
Background,background
Background,background
Background,background
Background,background
Background,background
Background,background
Background,background
Background,background
Background,background
Background,background
Background,background
Background,background
Background,background
Background,background
Background,background
Background,background
Background,background
Background,background
Background,background
Background,background
Background,background
Background,background
Background,background
Background,background
Background,background
Background,background
Background,background
Background,background
Background,background
Background,background
Background,background
Background,background
Background,background
Background,background
Background,background
Background,background
Background,background
Background,background
Background,background
Background,background
Background,background
Background,background
Background,background
Background,background
Background,background
Background,background
Background,background
Background,background
Background,background
Background,background
Background,background
Background,background
Background,background
Background,background
Background,background
Background,background
Background,background
Background,background
Background,background
Background,background
Background,background
Background,background
Background,background
Background,background
Background,background
Background,background
Background,background
Background,background
Background,background
Background,background
Background,background
Background,background
Background,background
Background,background
Background,background
Background,background
Background,background
Background,background
Background,background
Background,background
Background,background
Background,background
Background,background
Background,background
Background,background
Background,background
Background,background
Background,background
Background,background
Background,background
Background,background
Background,background
Background,background
Background,background
Background,background
Background,background
Background,background
Background,background
Background,background
Background,background
Background,background
Background,background
Background,background
Background,background
Background,background
Background,background
Background,background
Background,background
Background,background
Background,background
Background,background
Background,background
Background,background
Background,background
Background,background
Background,background
Background,background
Background,background
Background,background
Background,background
Background,background
Background,background
Background,background
Background,background
Background,background
Background,background
Background,background
Background,background
Background,background
Background,background
Background,background
Background,background
Background,background
Background,background
Background,background
Background,background
Background,background
Background,background
Background,background
Background,background
Background,background
Background,background
Background,background
Background,background
Background,background
Background,background
Background,background
Background,background
Background,background
Background,background
Background,background
Background,background
Background,background
Background,background
Background,background
Background,background
Background,background
Background,background
Background,background
Background,background
Background,background
Background,background
Background,background
Background,background
Background,background
Background,background
Background,background
Background,background
Background,background
Background,background
Background,background
Background,background
Background,background
Background,background
Background,background
Background,background
Background,background
Background,background
Background,background
Background,background
Background,background
Background,background
Background,background
Background,background
Background,background
Background,background
Background,background
Background,background
Background,background
Background,background
Background,background
Background,background
Background,background
Background,background
Background,background
Background,background
Background,background
Background,background
Background,background
Background,background
Background,background
Background,background
Background,background
Background,background
Background,background
Background,background
Background,background
Background,background
Background,background
Background,background
Background,background
Background,background
Background,background
Background,background
Background,background
Background,background
Background,background
Background,background
Background,background
Background,background
Background,background
Background,background
Background,background
Background,background
Background,background
Background,background
Background,background
Background,background
Background,background
Background,background
Background,background
Background,background
Background,background
Background,background
Background,background
Background,background
Background,background
Background,background
Background,background
Background,background
Background,background
Background,background
Background,background
Background,background
Background,background
Background,background
Background,background
Background,background
Background,background
Background,background
Background,background
Background,background
Background,background
Background,background
Background,background
Background,background
Background,background
Background,background
Background,background
Background,background
Background,background
Background,background
Background,background
Background,background
Background,background
Background,background
Background,background
Background,background
Background,background
Background,background
Background,background
Background,background
Background,background
Background,background
Background,background
Background,background
Background,background
Background,background
Background,background
Background,background
Background,background
Background,background
Background,background
Background,background
Background,background
Background,background
Background,background
Background,background
Background,background
Background,background
Background,background
Background,background
Background,background
Background,background
Background,background
Background,background
Background,background
Background,background
Background,background
Background,background
Background,background
Background,background
Background,background
Background,background
Background,background
Background,background
Background,background
Background,background
Background,background
Background,background
Background,background
Background,background
Background,background
Background,background
Background,background
Background,background
Background,background
Background,background
Background,background
Background,background
Background,background
Background,background
Background,background
Background,background
Background,background
Background,background
Background,background
Background,background
Background,background
Background,background
Background,background
Background,background
Background,background
Background,background
Background,background
Background,background
Background,background
Background,background
Background,background
Background,background
Background,background
Background,background
Background,background
Background,background
Background,background
Background,background
Background,background
Background,background
Background,background
Background,background
Background,background
Background,background
Background,background
Background,background
Background,background
Background,background
Background,background
Background,background
Background,background
Background,background
Background,background
Background,background
Background,background
Background,background
Background,background
Background,background
Background,background
Background,background
Background,background
Background,background
Background,background
Background,background
Background,background
Background,background
Background,background
Background,background
Background,background
Background,background
Background,background
Background,background
Background,background
Background,background
Background,background
Background,background
Background,background
Background,background
Background,background
Background,background
Background,background
Background,background
Background,background
Background,background
Background,background
Background,background
Background,background
Background,background
Background,background
Background,background
Background,background
Background,background
Background,background
Background,background
Background,background
Background,background
Background,background
Background,background
Background,background
Background,background
Background,background
Background,background
Background,background
Background,background
Background,background
Background,background
Background,background
Background,background
Background,background
Background,background
Background,background
Background,background
Background,background
Background,background
Background,background
Background,background
Background,background
Background,background
Background,background
Background,background
Background,background
Background,background
Background,background
Background,background
Background,background
Background,background
Background,background
Background,background
Background,background
Background,background
Background,background
Background,background
Background,background
Background,background
Background,background
Background,background
Background,background
Background,background
Background,background
Background,background
Background,background
Background,background
Background,background
Background,background
Background,background
Background,background
Background,background
Background,background
Background,background
Background,background
Background,background
Background,background
Background,background
Background,background
Background,background
Background,background
Background,background
Background,background
Background,background
Background,background
Background,background
Background,background
Background,background
Background,background
Background,background
Background,background
Background,background
Background,background
Background,background
Background,background
Background,background
Background,background
Background,background
Background,background
Background,background
Background,background
Background,background
Background,background
Background,background
Background,background
Background,background
Background,background
Background,background
Background,background
Background,background
Background,background
Background,background
Background,background
Background,background
Background,background
Background,background
Background,background
Background,background
Background,background
Background,background
Background,background
Background,background
Background,background
Background,background
Background,background
Background,background
Background,background
Background,background
Background,background
Background,background
Background,background
Background,background
Background,background
Background,background
Background,background
Background,background
Background,background
Background,background
Background,background
Background,background
Background,background
Background,background
Background,background
Background,background
Background,background
Background,background
Background,background
Background,background
Background,background
Background,background
Background,background
Background,background
Background,background
Background,background
Background,background
Background,background
Background,background
Background,background
Background,background
Background,background
Background,background
Background,background
Background,background
Background,background
Background,background
Background,background
Background,background
Background,background
Background,background
Background,background
Background,background
Background,background
Background,background
Background,background
Background,background
Background,background
Background,background
Background,background
Background,background
Background,background
Background,background
Background,background
Background,background
Background,background
Background,background
Background,background
Background,background
Background,background
Background,background
Background,background
Background,background
Background,background
Background,background
Background,background
Background,background
Background,background
Background,background
Background,background
Background,background
Background,background
Background,background
Background,background
Background,background
Background,background
Background,background
Background,background
Background,background
Background,background
Background,background
Background,background
Background,background
Background,background
Background,background
Background,background
Background,background
Background,background
Background,background
Background,background
Background,background
Background,background
Background,background
Background,background
Background,background
Background,background
Background,background
Background,background
Background,background
Background,background
Background,background
Background,background
Background,background
Background,background
Background,background
Background,background
Background,background
Background,background
Background,background
Background,background
Background,background
Background,background
Background,background
Background,background
Background,background
Background,background
Background,background
Background,background
Background,background
Background,background
Background,background
Background,background
Background,background
Background,background
Background,background
Background,background
Background,background
Background,background
Background,background
Background,background
Background,background
Background,background
Background,background
Background,background
Background,background
Background,background
Background,background
Background,background
Background,background
Background,background
Background,background
Background,background
Background,background
Background,background
Background,background
Background,background
Background,background
Background,background
Background,background
Background,background
Background,background
Background,background
Background,background
Background,background
Background,background
Background,background
Background,background
Background,background
Background,background
Background,background
Background,background
Background,background
Background,background
Background,background
Background,background
Background,background
Background,background
Background,background
Background,background
Background,background
Background,background
Background,background
Background,background
Background,background
Background,background
Background,background
Background,background
Background,background
Background,background
Background,background
Background,background
Background,background
Background,background
Background,background
Background,background
Background,background
Background,background
Background,background
Background,background
Background,background
Background,background
Background,background
Background,background
Background,background
Background,background
Background,background
Background,background
Background,background
Background,background
Background,background
Background,background
Background,background
Background,background
Background,background
Background,background
Background,background
Background,background
Background,background
Background,background
Background,background
Background,background
Background,background
Background,background
Background,background
Background,background
Background,background
Background,background
Background,background
Background,background
Background,background
Background,background
Background,background
Background,background
Background,background
Background,background
Background,background
Background,background
Background,background
Background,background
Background,background
Background,background
Background,background
Background,background
Background,background
Background,background
Background,background
Background,background
Background,background
Background,background
Background,background
Background,background
Background,background
Background,background
Background,background
Background,background
Background,background
Background,background
Background,background
Background,background
Background,background
Background,background
Background,background
Background,background
Background,background
Background,background
Background,background
Background,background
Background,background
Background,background
Background,background
Background,background
Background,background
Background,background
Background,background
Background,background
Background,background
Background,background
Background,background
Background,background
Background,background
Background,background
Background,background
Background,background
Background,background
Background,background
Background,background
Background,background
Background,background
Background,background
Background,background
Background,background
Background,background
Background,background
Background,background
Background,background
Background,background
Background,background
Background,background
Background,background
Background,background
Background,background
Background,background
Background,background
Background,background
Background,background
Background,background
Background,background
Background,background
Background,background
Background,background
Background,background
Background,background
Background,background
Background,background
Background,background
Background,background
Background,background
Background,background
Background,background
Background,background
Background,background
Background,background
Background,background
Background,background
Background,background
Background,background
Background,background
Background,background
Background,background
Background,background
Background,background
Background,background
Background,background
Background,background
Background,background
Background,background
Background,background
Background,background
Background,background
Background,background
Background,background
Background,background
Background,background
Background,background
Background,background
Background,background
Background,background
Background,background
Background,background
Background,background
Background,background
Background,background
Background,background
Background,background
Background,background
Background,background
Background,background
Background,background
Background,background
Background,background
Background,background
Background,background
Background,background
Background,background
Background,background
Background,background
Background,background
Background,background
Background,background
Background,background
Background,background
Background,background
Background,background
Background,background
Background,background
Background,background
Background,background
Background,background
Background,background
Background,background
Background,background
Background,background
Background,background
Background,background
Background,background
Background,background
Background,background
Background,background
Background,background
Background,background
Background,background
Background,background
Background,background
Background,background
Background,background
Background,background
Background,background
Background,background
Background,background
Background,background
Background,background
Background,background
Background,background
Background,background
Background,background
Background,background
Background,background
Background,background
Background,background
Background,background
Background,background
Background,background
Background,background
Background,background
Background,background
Background,background
Background,background
Background,background
Background,background
Background,background
Background,background
Background,background
Background,background
Background,background
Background,background
Background,background
Background,background
Background,background
Background,background
Background,background
Background,background
Background,background
Background,background
Background,background
Background,background
Background,background
Background,background
Background,background
Background,background
Background,background
Background,background
Background,background
Background,background
Background,background
Background,background
Background,background
Background,background
Background,background
Background,background
Background,background
Background,background
Background,background
Background,background
Background,background
Background,background
Background,background
Background,background
Background,background
Background,background
Background,background
Background,background
Background,background
Background,background
Background,background
Background,background
Background,background
Background,background
Background,background
Background,background
Background,background
Background,background
Background,background
Background,background
Background,background
Background,background
Background,background
Background,background
Background,background
Background,background
Background,background
Background,background
Background,background
Background,background
Background,background
Background,background
Background,background
Background,background
Background,background
Background,background
Background,background
Background,background
Background,background
Background,background
Background,background
Background,background
Background,background
Background,background
Background,background
Background,background
Background,background
Background,background
Background,background
Background,background
Background,background
Background,background
Background,background
Background,background
Background,background
Background,background
Background,background
Background,background
Background,background
Background,background
Background,background
Background,background
Background,background
Background,background
Background,background
Background,background
Background,background
Background,background
Background,background
Background,background
Background,background
Background,background
Background,background
Background,background
Background,background
Background,background
Background,background
Background,background
Background,background
Background,background
Background,background
Background,background
Background,background
Background,background
Background,background
Background,background
Background,background
Background,background
Background,background
Background,background
Background,background
Background,background
Background,background
Background,background
Background,background
Background,background
Background,background
Background,background
Background,background
Background,background
Background,background
Background,background
Background,background
Background,background
Background,background
Background,background
Background,background
Background,background
Background,background
Background,background
Background,background
Background,background
Background,background
Background,background
Background,background
Background,background
Background,background
Background,background
Background,background
Background,background
Background,background
Background,background
Background,background
Background,background
Background,background
Background,background
Background,background
Background,background
Background,background
Background,background
Background,background
Background,background
Background,background
Background,background
Background,background
Background,background
Background,background
Background,background
Background,background
Background,background
Background,background
Background,background
Background,background
Background,background
Background,background
Background,background
Background,background
Background,background
Background,background
Background,background
Background,background
Background,background
Background,background
Background,background
Background,background
Background,background
Background,background
Background,background
Background,background
Background,background
Background,background
Background,background
Background,background
posing,background
posing,background
posing,background
posing,background
posing,background
posing,background
Background,background
Background,background
Background,background
Background,background
Background,background
Background,background
Background,background
Background,background
Background,background
Background,background
Background,background
Background,background
Background,background
Background,background
Background,background
Background,background
Background,background
Background,background
Background,background
Background,background
Background,background
Background,background
Background,background
Background,background
Background,background
Background,background
Background,background
Background,background
Background,background
Background,background
Background,background
Background,background
Background,background
Background,background
Background,background
Background,background
Background,background
Background,background
Background,background
Background,background
Background,background
Background,background
Background,background
Background,background
Background,background
Background,background
Background,background
Background,background
Background,background
Background,background
Background,background
Background,background
Background,background
Background,background
Background,background
Background,background
Background,background
Background,background
Background,background
Background,background
Background,background
Background,background
Background,background
Background,background
Background,background
Background,background
Background,background
Background,background
Background,background
Background,background
Background,background
Background,background
Background,background
Background,background
Background,background
Background,background
Background,background
Background,background
Background,background
Background,background
Background,background
Background,background
Background,background
Background,background
Background,background
Background,background
Background,background
Background,background
Background,background
Background,background
Background,background
Background,background
Background,background
Background,background
Background,background
Background,background
Background,background
Background,background
Background,background
Background,background
Background,background
Background,background
Background,background
Background,background
Background,background
Background,background
Background,background
Background,background
Background,background
Background,background
Background,background
Background,background
Background,background
Background,background
Background,background
Background,background
Background,background
Background,background
Background,background
Background,background
Background,background
Background,background
Background,background
Background,background
Background,background
Background,background
Background,background
Background,background
Background,background
Background,background
Background,background
Background,background
Background,background
Background,background
Background,background
Background,background
Background,background
Background,background
Background,background
Background,background
Background,background
Background,background
Background,background
Background,background
Background,background
Background,background
Background,background
Background,background
Background,background
Background,background
Background,background
Background,background
Background,background
Background,background
Background,background
Background,background
Background,background
Background,background
Background,background
Background,background
Background,background
Background,background
Background,background
Background,background
Background,background
Background,background
Background,background
Background,background
Background,background
Background,background
Background,background
Background,background
Background,background
Background,background
Background,background
Background,background
Background,background
Background,background
Background,background
Background,background
Background,background
Background,background
Background,background
Background,background
Background,background
Background,background
Background,background
Background,background
Background,background
Background,background
Background,background
Background,background
Background,background
Background,background
Background,background
Background,background
Background,background
Background,background
Background,background
Background,background
Background,background
Background,background
Background,background
Background,background
Background,background
Background,background
Background,background
Background,background
Background,background
Background,background
Background,background
Background,background
Background,background
Background,background
Background,background
Background,background
Background,background
Background,background
Background,background
Background,background
Background,background
Background,background
Background,background
Background,background
Background,background
Background,background
Background,background
Background,background
Background,background
Background,background
Background,background
Background,background
Background,background
Background,background
Background,background
Background,background
Background,background
Background,background
Background,background
Background,background
Background,background
Background,background
Background,background
Background,background
Background,background
Background,background
Background,background
Background,background
Background,background
Background,background
Background,background
Background,background
Background,background
Background,background
Background,background
Background,background
Background,background
Background,background
Background,background
Background,background
Background,background
Background,background
Background,background
Background,background
Background,background
Background,background
Background,background
Background,background
Background,background
Background,background
Background,background
Background,background
Background,background
Background,background
Background,background
Background,background
Background,background
Background,background
Background,background
Background,background
Background,background
Background,background
Background,background
Background,background
Background,background
Background,background
Background,background
Background,background
Background,background
Background,background
Background,background
Background,background
Background,background
Background,background
Background,background
Background,background
Background,background
Background,background
Background,background
Background,background
Background,background
Background,background
Background,background
Background,background
Background,background
Background,background
Background,background
Background,background
Background,background
Background,background
Background,background
Background,background
Background,background
Background,background
Background,background
Background,background
Background,background
Background,background
Background,background
Background,background
Background,background
Background,background
Background,background
Background,background
Background,background
Background,background
Background,background
Background,background
Background,background
Background,background
Background,background
Background,background
Background,background
Background,background
Background,background
Background,background
Background,background
Background,background
Background,background
Background,background
Background,background
Background,background
Background,background
Background,background
Background,background
Background,background
Background,background
Background,background
Background,background
Background,background
Background,background
Background,background
Background,background
Background,background
Background,background
Background,background
Background,background
Background,background
Background,background
Background,background
Background,background
Background,background
Background,background
Background,background
Background,background
Background,background
Background,background
Background,background
Background,background
Background,background
Background,background
Background,background
Background,background
Background,background
Background,background
Background,background
Background,background
Background,background
Background,background
Background,background
Background,background
Background,background
Background,background
Background,background
Background,background
Background,background
Background,background
Background,background
Background,background
Background,background
Background,background
Background,background
Background,background
Background,background
Background,background
Background,background
Background,background
Background,background
Background,background
Background,background
Background,background
Background,background
Background,background
Background,background
Background,background
Background,background
Background,background
Background,background
Background,background
Background,background
Background,background
Background,background
Background,background
Background,background
Background,background
Background,background
Background,background
Background,background
Background,background
Background,background
Background,background
Background,background
Background,background
Background,background
Background,background
Background,background
Background,background
Background,background
Background,background
Background,background
Background,background
Background,background
Background,background
Background,background
Background,background
Background,background
Background,background
Background,background
Background,background
Background,background
Background,background
Background,background
Background,background
Background,background
Background,background
Background,background
Background,background
Background,background
Background,background
Background,background
Background,background
Background,background
Background,background
Background,background
Background,background
Background,background
Background,background
Background,background
Background,background
Background,background
Background,background
Background,background
Background,background
Background,background
Background,background
Background,background
Background,background
Background,background
Background,background
Background,background
Background,background
Background,background
Background,background
Background,background
Background,background
Background,background
Background,background
Background,background
Background,background
Background,background
Background,background
Background,background
Background,background
Background,background
Background,background
Background,background
Background,background
Background,background
Background,background
Background,background
Background,background
Background,background
Background,background
Background,background
Background,background
Background,background
Background,background
Background,background
Background,background
Background,background
Background,background
Background,background
Background,background
Background,background
Background,background
Background,background
Background,background
Background,background
Background,background
Background,background
Background,background
Background,background
Background,background
Background,background
Background,background
Background,background
Background,background
Background,background
Background,background
Background,background
Background,background
Background,background
Background,background
Background,background
Background,background
Background,background
Background,background
Background,background
Background,background
Background,background
Background,background
Background,background
Background,background
Background,background
Background,background
Background,background
Background,background
Background,background
Background,background
Background,background
Background,background
Background,background
Background,background
Background,background
Background,background
Background,background
Background,background
Background,background
Background,background
Background,background
Background,background
Background,background
Background,background
Background,background
Background,background
Background,background
Background,background
Background,background
Background,background
Background,background
Background,background
Background,background
Background,background
Background,background
Background,background
Background,background
Background,background
Background,background
Background,background
Background,background
Background,background
Background,background
Background,background
Background,background
Background,background
Background,background
Background,background
Background,background
Background,background
Background,background
Background,background
Background,background
Background,background
Background,background
Background,background
Background,background
Background,background
Background,background
Background,background
Background,background
Background,background
Background,background
Background,background
Background,background
Background,background
Background,background
Background,background
Background,background
Background,background
Background,background
Background,background
Background,background
Background,background
Background,background
Background,background
Background,background
Background,background
Background,background
Background,background
Background,background
Background,background
Background,background
Background,background
Background,background
Background,background
Background,background
Background,background
Background,background
Background,background
Background,background
Background,background
Background,background
Background,background
Background,background
Background,background
Background,background
Background,background
Background,background
Background,background
Background,background
Background,background
Background,background
Background,background
Background,background
Background,background
Background,background
Background,background
Background,background
Background,background
Background,background
Background,background
Background,background
Background,background
Background,background
Background,background
Background,background
Background,background
Background,background
Background,background
Background,background
Background,background
Background,background
Background,background
Background,background
Background,background
Background,background
Background,background
Background,background
Background,background
Background,background
Background,background
Background,background
Background,background
Background,background
Background,background
Background,background
Background,background
Background,background
Background,background
Background,background
Background,background
Background,background
Background,background
Background,background
Background,background
Background,background
Background,background
Background,background
Background,background
Background,background
Background,background
Background,background
Background,background
Background,background
Background,background
Background,background
Background,background
Background,background
Background,background
Background,background
Background,background
Background,background
Background,background
Background,background
Background,background
Background,background
Background,background
Background,background
Background,background
Background,background
Background,background
Background,background
Background,background
Background,background
Background,background
Background,background
Background,background
Background,background
Background,background
Background,background
Background,background
Background,background
Background,background
Background,background
Background,background
Background,background
Background,background
Background,background
Background,background
Background,background
Background,background
Background,background
Background,background
Background,background
Background,background
Background,background
Background,background
Background,background
Background,background
Background,background
Background,background
Background,background
Background,background
Background,background
Background,background
Background,background
Background,background
Background,background
Background,background
Background,background
Background,background
Background,background
Background,background
Background,background
Background,background
Background,background
Background,background
Background,background
Background,background
Background,background
Background,background
Background,background
Background,background
Background,background
Background,background
Background,background
Background,background
Background,background
Background,background
Background,background
Background,background
Background,background
Background,background
Background,background
Background,background
Background,background
Background,background
Background,background
Background,background
Background,background
Background,background
Background,background
Background,background
Background,background
Background,background
Background,background
Background,background
Background,background
Background,background
Background,background
Background,background
Background,background
Background,background
Background,background
Background,background
Background,background
Background,background
Background,background
Background,background
Background,background
Background,background
Background,background
Background,background
Background,background
Background,background
Background,background
Background,background
Background,background
Background,background
Background,background
Background,background
Background,background
Background,background
Background,background
Background,background
Background,background
Background,background
Background,background
Background,background
Background,background
Background,background
Background,background
Background,background
Background,background
Background,background
Background,background
Background,background
Background,background
Background,background
Background,background
Background,background
Background,background
Background,background
Background,background
Background,background
Background,background
Background,background
Background,background
Background,background
Background,background
Background,background
Background,background
Background,background
Background,background
Background,background
Background,background
Background,background
Background,background
Background,background
Background,background
Background,background
Background,background
Background,background
Background,background
Background,background
Background,background
Background,background
Background,background
Background,background
Background,background
Background,background
Background,background
Background,background
Background,background
Background,background
Background,background
Background,background
Background,background
Background,background
Background,background
Background,background
Background,background
Background,background
Background,background
Background,background
Background,background
Background,background
Background,background
Background,background
Background,background
Background,background
Background,background
Background,background
Background,background
Background,background
Background,background
Background,background
Background,background
Background,background
Background,background
Background,background
Background,background
Background,background
Background,background
Background,background
Background,background
Background,background
Background,background
Background,background
Background,background
Background,background
Background,background
Background,background
Background,background
Background,background
Background,background
Background,background
Background,background
Background,background
Background,background
Background,background
Background,background
Background,background
Background,background
Background,background
Background,background
Background,background
Background,background
Background,background
Background,background
Background,background
Background,background
Background,background
Background,background
Background,background
Background,background
Background,background
Background,background
Background,background
Background,background
Background,background
Background,background
Background,background
Background,background
Background,background
Background,background
Background,background
Background,background
Background,background
Background,background
Background,background
Background,background
Background,background
Background,background
Background,background
Background,background
Background,background
Background,background
Background,background
Background,background
Background,background
Background,background
Background,background
Background,background
Background,background
Background,background
Background,background
Background,background
Background,background
Background,background
Background,background
Background,background
Background,background
Background,background
Background,background
Background,background
Background,background
Background,background
Background,background
Background,background
Background,background
Background,background
Background,background
Background,background
Background,background
Background,background
Background,background
interaction,background
interaction,background
interaction,background
interaction,background
interaction,background
interaction,background
interaction,background
interaction,background
interaction,background
interaction,background
interaction,background
interaction,background
interaction,background
interaction,background
interaction,background
interaction,background
interaction,background
interaction,background
interaction,background
interaction,background
interaction,background
interaction,background
interaction,background
interaction,background
interaction,background
interaction,background
interaction,background
interaction,background
interaction,background
interaction,background
interaction,background
interaction,background
interaction,background
interaction,background
interaction,background
interaction,background
interaction,background
interaction,background
interaction,background
interaction,background
interaction,background
interaction,background
interaction,background
interaction,background
interaction,background
interaction,background
interaction,background
interaction,background
interaction,background
interaction,background
interaction,background
interaction,background
interaction,background
interaction,background
interaction,background
interaction,background
interaction,background
interaction,background
interaction,background
interaction,background
interaction,background
interaction,background
interaction,background
interaction,background
interaction,background
interaction,background
interaction,background
interaction,background
interaction,background
interaction,background
interaction,background
interaction,background
interaction,background
interaction,background
interaction,background
interaction,background
interaction,background
interaction,background
interaction,background
interaction,background
interaction,background
interaction,background
interaction,background
interaction,background
interaction,interaction
interaction,interaction
interaction,interaction
interaction,interaction
interaction,interaction
interaction,interaction
interaction,interaction
interaction,interaction
interaction,interaction
interaction,interaction
interaction,interaction
interaction,interaction
interaction,interaction
interaction,interaction
interaction,interaction
interaction,interaction
interaction,interaction
interaction,interaction
interaction,interaction
interaction,interaction
interaction,interaction
interaction,interaction
interaction,interaction
interaction,interaction
interaction,interaction
interaction,interaction
interaction,interaction
interaction,interaction
interaction,interaction
interaction,interaction
interaction,interaction
interaction,interaction
interaction,interaction
interaction,interaction
interaction,interaction
interaction,interaction
interaction,interaction
interaction,interaction
interaction,interaction
interaction,interaction
interaction,interaction
interaction,interaction
interaction,interaction
interaction,interaction
interaction,interaction
interaction,interaction
interaction,interaction
interaction,interaction
interaction,interaction
interaction,interaction
interaction,interaction
interaction,interaction
interaction,interaction
interaction,interaction
interaction,interaction
interaction,interaction
interaction,interaction
interaction,interaction
interaction,interaction
interaction,interaction
interaction,interaction
interaction,interaction
interaction,interaction
interaction,interaction
interaction,interaction
interaction,interaction
interaction,interaction
interaction,interaction
interaction,interaction
interaction,interaction
interaction,interaction
interaction,interaction
interaction,interaction
interaction,interaction
interaction,interaction
interaction,interaction
interaction,interaction
interaction,interaction
interaction,interaction
interaction,interaction
interaction,interaction
interaction,interaction
interaction,interaction
interaction,interaction
interaction,interaction
interaction,interaction
interaction,interaction
interaction,interaction
interaction,interaction
interaction,interaction
interaction,interaction
interaction,interaction
interaction,interaction
interaction,interaction
interaction,interaction
interaction,interaction
interaction,interaction
interaction,interaction
interaction,interaction
interaction,interaction
interaction,interaction
interaction,interaction
interaction,interaction
interaction,interaction
interaction,interaction
interaction,interaction
interaction,interaction
interaction,interaction
interaction,interaction
interaction,interaction
interaction,interaction
interaction,interaction
interaction,interaction
interaction,interaction
interaction,interaction
interaction,interaction
interaction,interaction
interaction,interaction
interaction,interaction
interaction,interaction
interaction,interaction
interaction,interaction
interaction,interaction
interaction,interaction
interaction,interaction
interaction,interaction
interaction,interaction
interaction,interaction
interaction,interaction
interaction,interaction
interaction,interaction
interaction,interaction
interaction,interaction
interaction,interaction
interaction,interaction
interaction,interaction
interaction,interaction
interaction,interaction
interaction,interaction
interaction,interaction
interaction,interaction
interaction,interaction
interaction,interaction
interaction,interaction
interaction,interaction
interaction,interaction
interaction,interaction
interaction,interaction
interaction,interaction
interaction,interaction
interaction,interaction
interaction,interaction
interaction,interaction
interaction,interaction
interaction,interaction
interaction,interaction
interaction,interaction
interaction,interaction
interaction,interaction
interaction,interaction
interaction,interaction
interaction,interaction
interaction,interaction
interaction,interaction
interaction,interaction
interaction,interaction
interaction,interaction
interaction,interaction
interaction,interaction
interaction,interaction
interaction,interaction
interaction,interaction
interaction,interaction
interaction,interaction
interaction,interaction
interaction,interaction
interaction,interaction
interaction,interaction
interaction,interaction
interaction,interaction
interaction,interaction
interaction,interaction
interaction,interaction
interaction,interaction
interaction,interaction
interaction,interaction
interaction,interaction
interaction,interaction
interaction,interaction
interaction,interaction
interaction,interaction
interaction,interaction
interaction,interaction
interaction,interaction
interaction,interaction
interaction,interaction
interaction,interaction
interaction,interaction
interaction,interaction
interaction,interaction
interaction,interaction
interaction,interaction
interaction,interaction
interaction,interaction
interaction,interaction
interaction,interaction
interaction,interaction
interaction,interaction
interaction,interaction
interaction,interaction
interaction,interaction
interaction,interaction
interaction,interaction
interaction,interaction
interaction,interaction
interaction,interaction
interaction,interaction
interaction,interaction
interaction,interaction
interaction,interaction
interaction,interaction
interaction,interaction
interaction,interaction
interaction,interaction
interaction,interaction
interaction,interaction
interaction,interaction
interaction,interaction
interaction,interaction
interaction,interaction
interaction,interaction
interaction,interaction
interaction,interaction
interaction,interaction
interaction,interaction
interaction,interaction
interaction,interaction
interaction,interaction
interaction,interaction
interaction,interaction
interaction,interaction
interaction,interaction
interaction,interaction
interaction,interaction
interaction,interaction
interaction,interaction
interaction,interaction
interaction,interaction
interaction,interaction
interaction,interaction
interaction,interaction
interaction,interaction
interaction,interaction
interaction,interaction
interaction,interaction
interaction,interaction
interaction,interaction
interaction,interaction
interaction,interaction
interaction,interaction
interaction,interaction
interaction,interaction
interaction,interaction
interaction,interaction
interaction,interaction
interaction,interaction
interaction,interaction
interaction,interaction
interaction,interaction
interaction,interaction
interaction,interaction
interaction,interaction
interaction,interaction
interaction,interaction
interaction,interaction
interaction,interaction
interaction,interaction
interaction,interaction
interaction,interaction
interaction,interaction
interaction,interaction
interaction,interaction
interaction,interaction
interaction,interaction
interaction,interaction
interaction,interaction
interaction,interaction
interaction,interaction
interaction,interaction
interaction,interaction
interaction,interaction
interaction,interaction
interaction,interaction
interaction,interaction
interaction,interaction
interaction,interaction
interaction,interaction
interaction,interaction
interaction,interaction
interaction,interaction
interaction,interaction
interaction,interaction
interaction,interaction
interaction,interaction
interaction,interaction
interaction,interaction
interaction,interaction
interaction,interaction
interaction,interaction
interaction,interaction
interaction,interaction
interaction,interaction
interaction,interaction
interaction,interaction
interaction,interaction
interaction,interaction
interaction,interaction
interaction,interaction
interaction,interaction
interaction,interaction
interaction,interaction
interaction,interaction
interaction,interaction
interaction,interaction
interaction,interaction
interaction,interaction
interaction,interaction
interaction,interaction
interaction,interaction
interaction,interaction
interaction,interaction
interaction,interaction
interaction,interaction
interaction,interaction
interaction,interaction
interaction,interaction
interaction,interaction
interaction,interaction
interaction,interaction
interaction,interaction
interaction,interaction
interaction,interaction
interaction,interaction
interaction,interaction
Background,interaction
Background,interaction
Background,interaction
Background,interaction
Background,interaction
Background,interaction
Background,interaction
Background,interaction
Background,interaction
Background,interaction
Background,interaction
Background,interaction
Background,interaction
Background,interaction
Background,interaction
Background,interaction
Background,interaction
Background,interaction
Background,interaction
Background,interaction
Background,interaction
Background,interaction
Background,interaction
Background,interaction
Background,background
Background,background
Background,background
Background,background
Background,background
Background,background
Background,background
Background,background
Background,background
Background,background
Background,background
Background,background
Background,background
Background,background
Background,background
Background,background
Background,background
Background,background
Background,background
Background,background
Background,background
Background,background
Background,background
Background,background
Background,background
Background,background
Background,background
Background,background
Background,background
Background,background
Background,background
Background,background
Background,background
Background,background
Background,background
Background,background
Background,background
Background,background
Background,background
Background,background
Background,background
Background,background
Background,background
Background,background
Background,background
Background,background
Background,background
Background,background
Background,background
Background,background
Background,background
Background,background
Background,background
Background,background
Background,background
Background,background
Background,background
Background,background
Background,background
Background,background
Background,background
Background,background
Background,background
Background,background
Background,background
Background,background
Background,background
Background,background
Background,background
Background,background
Background,background
Background,background
Background,background
Background,background
Background,background
Background,background
Background,background
Background,background
Background,background
Background,background
Background,background
Background,background
Background,background
Background,background
Background,background
Background,background
Background,background
Background,background
Background,background
Background,background
Background,background
Background,background
Background,background
Background,background
Background,background
Background,background
Background,background
Background,background
Background,background
Background,background
Background,background
Background,background
Background,background
Background,background
Background,background
Background,background
Background,background
Background,background
Background,background
Background,background
Background,background
Background,background
Background,background
Background,background
Background,background
Background,background
Background,background
Background,background
Background,background
Background,background
Background,background
Background,background
Background,background
Background,background
Background,background
Background,background
Background,background
Background,background
Background,background
Background,background
Background,background
Background,background
Background,background
Background,background
Background,background
Background,background
Background,background
Background,background
Background,background
Background,background
Background,background
Background,background
Background,background
Background,background
Background,background
Background,background
Background,background
Background,background
Background,background
Background,background
Background,background
Background,background
Background,background
Background,background
Background,background
Background,background
Background,background
Background,background
Background,background
Background,background
Background,background
Background,background
Background,background
Background,background
Background,background
Background,background
Background,background
Background,background
Background,background
Background,background
Background,background
Background,background
Background,background
Background,background
Background,background
Background,background
Background,background
Background,background
Background,background
Background,background
Background,background
Background,background
Background,background
Background,background
Background,background
Background,background
Background,background
Background,background
Background,background
Background,background
Background,background
Background,background
Background,background
Background,background
Background,background
Background,background
Background,background
Background,background
Background,background
Background,background
Background,background
Background,background
Background,background
Background,background
Background,background
Background,background
Background,background
Background,background
Background,background
Background,background
Background,background
Background,background
Background,background
Background,background
Background,background
Background,background
Background,background
Background,background
Background,background
Background,background
Background,background
Background,background
Background,background
Background,background
Background,background
Background,background
Background,background
Background,background
Background,background
Background,background
Background,background
Background,background
Background,background
Background,background
Background,background
Background,background
Background,background
Background,background
Background,background
Background,background
Background,background
Background,background
Background,background
Background,background
Background,background
Background,background
Background,background
Background,background
Background,background
Background,background
Background,background
Background,background
Background,background
Background,background
Background,background
Background,background
Background,background
Background,background
Background,background
Background,background
Background,background
Background,background
Background,background
Background,background
Background,background
Background,background
Background,background
Background,background
Background,background
Background,background
Background,background
Background,background
Background,background
Background,background
Background,background
Background,background
Background,background
Background,background
Background,background
Background,background
Background,background
Background,background
Background,background
Background,background
Background,background
Background,background
Background,background
Background,background
Background,background
Background,background
Background,background
Background,background
Background,background
Background,background
Background,background
Background,background
Background,background
Background,background
Background,background
Background,background
Background,background
Background,background
Background,background
Background,background
Background,background
Background,background
Background,background
Background,background
Background,background
Background,background
Background,background
Background,background
Background,background
Background,background
Background,background
Background,background
Background,background
Background,background
Background,background
Background,background
Background,background
Background,background
Background,background
Background,background
Background,background
Background,background
Background,background
Background,background
Background,background
Background,background
Background,background
Background,background
Background,background
Background,background
Background,background
Background,background
Background,background
Background,background
Background,background
Background,background
Background,background
Background,background
Background,background
Background,background
Background,background
Background,background
Background,background
Background,background
Background,background
Background,background
Background,background
Background,background
Background,background
Background,background
Background,background
Background,background
Background,background
Background,background
Background,background
Background,background
Background,background
Background,background
Background,background
Background,background
Background,background
Background,background
Background,background
Background,background
Background,background
Background,background
Background,background
Background,background
Background,background
Background,background
Background,background
Background,background
Background,background
Background,background
Background,background
Background,background
Background,background
Background,background
Background,background
Background,background
Background,background
Background,background
Background,background
Background,background
Background,background
Background,background
Background,background
Background,background
Background,background
Background,background
Background,background
Background,background
Background,background
Background,background
Background,background
Background,background
Background,background
Background,background
Background,background
Background,background
Background,background
Background,background
Background,background
Background,background
Background,background
Background,background
Background,background
Background,background
Background,background
Background,background
Background,background
Background,background
Background,background
Background,background
Background,background
Background,background
Background,background
Background,background
Background,background
Background,background
Background,background
Background,background
Background,background
Background,background
Background,background
Background,background
Background,background
Background,background
Background,background
Background,background
Background,background
Background,background
Background,background
Background,background
Background,background
Background,background
Background,background
Background,background
Background,background
Background,background
Background,background
Background,background
Background,background
Background,background
Background,background
Background,background
Background,background
Background,background
Background,background
Background,background
Background,background
Background,background
Background,background
Background,background
Background,background
Background,background
Background,background
Background,background
Background,background
Background,background
Background,background
Background,background
Background,background
Background,background
Background,background
Background,background
Background,background
Background,background
Background,background
Background,background
Background,background
Background,background
Background,background
Background,background
Background,background
Background,background
Background,background
Background,background
Background,background
Background,background
Background,background
Background,background
Background,background
Background,background
Background,background
Background,background
Background,background
Background,background
Background,background
Background,background
Background,background
Background,background
Background,background
Background,background
Background,background
Background,background
Background,background
Background,background
Background,background
Background,background
Background,background
Background,background
Background,background
Background,background
Background,background
Background,background
Background,background
Background,background
Background,background
Background,background
Background,background
Background,background
Background,background
Background,background
Background,background
Background,background
Background,background
Background,background
Background,background
Background,background
Background,background
Background,background
Background,background
Background,background
Background,background
Background,background
Background,background
Background,background
Background,background
Background,background
Background,background
Background,background
Background,background
Background,background
Background,background
Background,background
Background,background
Background,background
Background,background
Background,background
Background,background
Background,background
Background,background
Background,background
Background,background
Background,background
Background,background
Background,background
Background,background
Background,background
Background,background
Background,background
Background,background
Background,background
Background,background
Background,background
Background,background
Background,background
Background,background
Background,background
Background,background
Background,background
Background,background
Background,background
Background,background
Background,background
Background,background
Background,background
Background,background
Background,background
Background,background
Background,background
Background,background
Background,background
Background,background
Background,background
Background,background
Background,background
Background,background
Background,background
Background,background
Background,background
Background,background
Background,background
Background,background
Background,background
Background,background
Background,background
Background,background
Background,background
Background,background
Background,background
Background,background
Background,background
Background,background
Background,background
Background,background
Background,background
Background,background
Background,background
Background,background
Background,background
Background,background
Background,background
Background,background
Background,background
Background,background
Background,background
posing,background
posing,background
posing,background
posing,background
posing,background
posing,background
Background,background
Background,background
Background,background
Background,background
Background,background
Background,background
Background,background
Background,background
Background,background
Background,background
Background,background
Background,background
Background,background
Background,background
Background,background
Background,background
Background,background
Background,background
Background,background
Background,background
Background,background
Background,background
Background,background
Background,background
Background,background
Background,background
Background,background
Background,background
Background,background
Background,background
Background,background
Background,background
Background,background
Background,background
Background,background
Background,background
Background,background
Background,background
Background,background
Background,background
Background,background
Background,background
Background,background
Background,background
Background,background
Background,background
Background,background
Background,background
Background,background
Background,background
Background,background
Background,background
Background,background
Background,background
Background,background
Background,background
Background,background
Background,background
Background,background
Background,background
Background,background
Background,background
Background,background
Background,background
Background,background
Background,background
Background,background
Background,background
Background,background
Background,background
Background,background
Background,background
Background,background
Background,background
Background,background
Background,background
Background,background
Background,background
Background,background
Background,background
Background,background
Background,background
Background,background
Background,background
Background,background
Background,background
Background,background
Background,background
Background,background
Background,background
Background,background
Background,background
Background,background
Background,background
Background,background
Background,background
Background,background
Background,background
Background,background
Background,background
Background,background
Background,background
Background,background
Background,background
Background,background
Background,background
Background,background
Background,background
Background,background
Background,background
Background,background
Background,background
Background,background
Background,background
Background,background
Background,background
Background,background
Background,background
Background,background
Background,background
Background,background
Background,background
Background,background
Background,background
Background,background
Background,background
Background,background
Background,background
Background,background
Background,background
Background,background
Background,background
Background,background
Background,background
Background,background
Background,background
Background,background
Background,background
Background,background
Background,background
Background,background
Background,background
Background,background
Background,background
Background,background
Background,background
Background,background
Background,background
Background,background
Background,background
Background,background
Background,background
Background,background
Background,background
Background,background
Background,background
Background,background
Background,background
Background,background
Background,background
Background,background
Background,background
Background,background
Background,background
Background,background
Background,background
Background,background
Background,background
Background,background
Background,background
Background,background
Background,background
Background,background
Background,background
Background,background
Background,background
Background,background
Background,background
Background,background
Background,background
Background,background
Background,background
Background,background
Background,background
Background,background
Background,background
Background,background
Background,background
Background,background
Background,background
Background,background
Background,background
Background,background
Background,background
Background,background
Background,background
Background,background
Background,background
Background,background
Background,background
Background,background
Background,background
Background,background
Background,background
Background,background
Background,background
Background,background
Background,background
Background,background
Background,background
Background,background
Background,background
Background,background
Background,background
Background,background
Background,background
Background,background
Background,background
Background,background
Background,background
Background,background
Background,background
Background,background
Background,background
Background,background
Background,background
Background,background
Background,background
Background,background
Background,background
Background,background
Background,background
Background,background
Background,background
Background,background
Background,background
Background,background
Background,background
Background,background
Background,background
Background,background
Background,background
Background,background
Background,background
Background,background
Background,background
Background,background
Background,background
Background,background
Background,background
Background,background
Background,background
Background,background
Background,background
Background,background
Background,background
Background,background
Background,background
Background,background
Background,background
Background,background
Background,background
Background,background
Background,background
Background,background
Background,background
Background,background
Background,background
Background,background
Background,background
Background,background
Background,background
Background,background
Background,background
Background,background
Background,background
Background,background
Background,background
Background,background
Background,background
Background,background
Background,background
Background,background
Background,background
Background,background
Background,background
Background,background
Background,background
Background,background
Background,background
Background,background
Background,background
Background,background
Background,background
Background,background
Background,background
Background,background
Background,background
Background,background
Background,background
Background,background
Background,background
Background,background
Background,background
Background,background
Background,background
Background,background
Background,background
Background,background
Background,background
Background,background
Background,background
Background,background
Background,background
Background,background
Background,background
Background,background
Background,background
Background,background
Background,background
Background,background
Background,background
Background,background
Background,background
Background,background
Background,background
Background,background
Background,background
Background,background
Background,background
Background,background
Background,background
Background,background
Background,background
Background,background
Background,background
Background,background
Background,background
Background,background
Background,background
Background,background
Background,background
Background,background
Background,background
Background,background
Background,background
Background,background
Background,background
Background,background
Background,background
Background,background
Background,background
Background,background
Background,background
Background,background
Background,background
Background,background
Background,background
Background,background
Background,background
Background,background
Background,background
Background,background
Background,background
Background,background
Background,background
Background,background
Background,background
Background,background
Background,background
Background,background
Background,background
Background,background
Background,background
Background,background
Background,background
Background,background
Background,background
Background,background
Background,background
Background,background
Background,background
Background,background
Background,background
Background,background
Background,background
Background,background
Background,background
Background,background
Background,background
Background,background
Background,background
Background,background
Background,background
Background,background
Background,background
Background,background
Background,background
Background,background
Background,background
Background,background
Background,background
Background,background
Background,background
Background,background
Background,background
Background,background
Background,background
Background,background
Background,background
Background,background
Background,background
Background,background
Background,background
Background,background
Background,background
Background,background
Background,background
Background,background
Background,background
Background,background
Background,background
Background,background
Background,background
Background,background
Background,background
Background,background
Background,background
Background,background
Background,background
Background,background
Background,background
Background,background
Background,background
Background,background
Background,background
Background,background
Background,background
Background,background
Background,background
Background,background
Background,background
Background,background
Background,background
interaction,background
interaction,background
interaction,background
interaction,background
interaction,background
interaction,background
interaction,background
interaction,background
interaction,background
interaction,background
interaction,background
interaction,background
interaction,background
interaction,background
interaction,background
interaction,background
interaction,background
interaction,background
interaction,background
interaction,background
interaction,background
interaction,background
interaction,background
interaction,background
interaction,background
interaction,background
interaction,background
interaction,background
interaction,background
interaction,background
interaction,background
interaction,background
interaction,background
interaction,background
interaction,background
interaction,background
interaction,background
interaction,background
interaction,background
interaction,background
interaction,background
interaction,background
interaction,background
interaction,background
interaction,background
interaction,background
interaction,background
interaction,background
interaction,background
interaction,background
interaction,background
interaction,background
interaction,background
interaction,background
interaction,background
interaction,background
interaction,background
interaction,background
interaction,background
interaction,background
interaction,background
interaction,background
interaction,background
interaction,interaction
interaction,interaction
interaction,interaction
interaction,interaction
interaction,interaction
interaction,interaction
interaction,interaction
interaction,interaction
interaction,interaction
interaction,interaction
interaction,interaction
interaction,interaction
interaction,interaction
interaction,interaction
interaction,interaction
interaction,interaction
interaction,interaction
interaction,interaction
interaction,interaction
interaction,interaction
interaction,interaction
interaction,interaction
interaction,interaction
interaction,interaction
interaction,interaction
interaction,interaction
interaction,interaction
interaction,interaction
interaction,interaction
interaction,interaction
interaction,interaction
interaction,interaction
interaction,interaction
interaction,interaction
interaction,interaction
interaction,interaction
interaction,interaction
interaction,interaction
interaction,interaction
interaction,interaction
interaction,interaction
interaction,interaction
interaction,interaction
interaction,interaction
interaction,interaction
interaction,interaction
interaction,interaction
interaction,interaction
interaction,interaction
interaction,interaction
interaction,interaction
interaction,interaction
interaction,interaction
interaction,interaction
interaction,interaction
interaction,interaction
interaction,interaction
interaction,background
interaction,background
interaction,background
interaction,background
interaction,background
interaction,background
interaction,background
interaction,background
interaction,background
interaction,background
interaction,background
interaction,background
interaction,background
interaction,background
interaction,background
interaction,background
interaction,background
interaction,background
interaction,background
interaction,background
interaction,background
interaction,background
interaction,background
interaction,background
interaction,background
interaction,background
interaction,background
interaction,background
interaction,background
interaction,background
interaction,background
interaction,background
interaction,background
interaction,background
interaction,background
interaction,background
interaction,background
interaction,background
interaction,background
interaction,background
interaction,background
interaction,background
interaction,background
interaction,background
interaction,background
interaction,background
interaction,background
interaction,background
interaction,background
interaction,background
interaction,background
interaction,background
interaction,background
interaction,background
interaction,background
interaction,background
interaction,background
interaction,background
interaction,background
interaction,background
interaction,background
interaction,background
interaction,background
interaction,background
interaction,background
interaction,background
interaction,background
interaction,background
interaction,background
interaction,background
interaction,background
interaction,background
interaction,background
interaction,background
interaction,background
interaction,background
interaction,background
interaction,background
interaction,background
interaction,background
interaction,background
interaction,background
interaction,background
interaction,background
interaction,background
interaction,background
interaction,background
interaction,background
interaction,background
interaction,background
interaction,background
interaction,background
interaction,background
interaction,interaction
interaction,interaction
interaction,interaction
interaction,interaction
interaction,interaction
interaction,interaction
interaction,interaction
interaction,interaction
interaction,interaction
interaction,interaction
interaction,interaction
interaction,interaction
interaction,interaction
interaction,interaction
interaction,interaction
interaction,interaction
interaction,interaction
interaction,interaction
interaction,interaction
interaction,interaction
interaction,interaction
interaction,interaction
interaction,interaction
interaction,interaction
interaction,interaction
interaction,interaction
interaction,interaction
interaction,interaction
interaction,interaction
interaction,interaction
interaction,interaction
interaction,interaction
interaction,interaction
interaction,interaction
interaction,interaction
interaction,interaction
interaction,interaction
interaction,interaction
interaction,background
interaction,background
interaction,background
interaction,background
interaction,background
interaction,background
interaction,background
interaction,background
interaction,background
interaction,background
interaction,background
interaction,background
interaction,background
interaction,background
interaction,background
interaction,background
interaction,background
interaction,background
interaction,background
interaction,background
interaction,background
interaction,background
interaction,background
interaction,background
interaction,background
interaction,background
interaction,background
interaction,background
interaction,background
interaction,background
interaction,background
interaction,background
interaction,background
interaction,background
interaction,background
interaction,background
interaction,background
interaction,background
interaction,background
interaction,background
interaction,background
Background,background
Background,background
Background,background
Background,background
Background,background
Background,background
Background,background
Background,background
Background,background
Background,background
Background,background
Background,background
Background,background
Background,background
Background,background
Background,background
Background,background
Background,background
Background,background
Background,background
Background,background
Background,background
Background,background
Background,background
Background,background
Background,background
Background,background
Background,background
Background,background
Background,background
Background,background
Background,background
Background,background
Background,background
Background,background
Background,background
Background,background
Background,background
Background,background
Background,background
Background,background
Background,background
Background,background
Background,background
Background,background
Background,background
Background,background
Background,background
Background,background
Background,background
Background,background
Background,background
Background,background
Background,background
Background,background
Background,background
Background,background
Background,background
Background,background
Background,background
Background,background
Background,background
Background,background
Background,background
Background,background
Background,background
Background,background
Background,background
Background,background
Background,background
Background,background
Background,background
Background,background
Background,background
Background,background
Background,background
Background,background
Background,background
Background,background
Background,background
Background,background
Background,background
Background,background
Background,background
Background,background
Background,background
Background,background
Background,background
Background,background
Background,background
Background,background
Background,background
Background,background
Background,background
Background,background
Background,background
Background,background
Background,background
Background,background
Background,background
Background,background
Background,background
Background,background
Background,background
Background,background
Background,background
Background,background
Background,background
Background,background
Background,background
Background,background
Background,background
Background,background
Background,background
Background,background
Background,background
Background,background
Background,background
Background,background
Background,background
Background,background
Background,background
Background,background
Background,background
Background,background
Background,background
Background,background
Background,background
Background,background
Background,background
Background,background
Background,background
Background,background
Background,background
Background,background
Background,background
Background,background
Background,background
Background,background
Background,background
Background,background
Background,background
Background,background
Background,background
Background,background
Background,background
Background,background
Background,background
Background,background
Background,background
Background,background
Background,background
Background,background
Background,background
Background,background
Background,background
Background,background
Background,background
Background,background
Background,background
Background,background
Background,background
Background,background
Background,background
Background,background
Background,background
Background,background
Background,background
Background,background
Background,background
Background,background
Background,background
Background,background
Background,background
Background,background
Background,background
Background,background
Background,background
Background,background
Background,background
Background,background
Background,background
Background,background
Background,background
Background,background
Background,background
Background,background
Background,background
Background,background
Background,background
Background,background
Background,background
Background,background
Background,background
Background,background
Background,background
Background,background
Background,background
Background,background
Background,background
Background,background
Background,background
Background,background
Background,background
Background,background
Background,background
Background,background
Background,background
Background,background
Background,background
Background,background
Background,background
Background,background
Background,background
Background,background
Background,background
Background,background
Background,background
Background,background
Background,background
Background,background
Background,background
Background,background
Background,background
Background,background
Background,background
Background,background
Background,background
Background,background
Background,background
Background,background
Background,background
Background,background
Background,background
Background,background
Background,background
Background,background
Background,background
Background,background
Background,background
Background,background
Background,background
Background,background
Background,background
Background,background
Background,background
Background,background
Background,background
Background,background
Background,background
Background,background
Background,background
Background,background
Background,background
Background,background
Background,background
Background,background
Background,background
Background,background
Background,background
Background,background
Background,background
Background,background
Background,background
Background,background
Background,background
Background,background
Background,background
Background,background
Background,background
Background,background
Background,background
Background,background
Background,background
Background,background
Background,background
Background,background
Background,background
Background,background
Background,background
Background,background
Background,background
Background,background
Background,background
Background,background
Background,background
Background,background
Background,background
Background,background
Background,background
Background,background
Background,background
Background,background
Background,background
Background,background
Background,background
Background,background
Background,background
Background,background
Background,background
Background,background
Background,background
Background,background
Background,background
Background,background
Background,background
Background,background
Background,background
Background,background
Background,background
Background,background
Background,background
Background,background
Background,background
Background,background
Background,background
Background,background
Background,background
Background,background
Background,background
Background,background
Background,background
Background,background
Background,background
Background,background
Background,background
Background,background
Background,background
Background,background
Background,background
Background,background
Background,background
Background,background
Background,background
Background,background
Background,background
Background,background
Background,background
Background,background
Background,background
Background,background
Background,background
Background,background
Background,background
Background,background
Background,background
Background,background
Background,background
Background,background
Background,background
Background,background
Background,background
Background,background
Background,background
Background,background
Background,background
Background,background
Background,background
Background,background
Background,background
Background,background
Background,background
Background,background
Background,background
Background,background
Background,background
Background,background
Background,background
Background,background
Background,background
Background,background
Background,background
Background,background
Background,background
Background,background
Background,background
Background,background
Background,background
Background,background
Background,background
Background,background
Background,background
Background,background
Background,background
Background,background
Background,background
Background,background
Background,background
Background,background
Background,background
Background,background
Background,background
Background,background
Background,background
Background,background
Background,background
Background,background
Background,background
Background,background
Background,background
Background,background
Background,background
Background,background
Background,background
Background,background
Background,background
Background,background
Background,background
Background,background
Background,background
Background,background
Background,background
Background,background
Background,background
Background,background
Background,background
Background,background
Background,background
Background,background
Background,background
Background,background
Background,background
Background,background
Background,background
Background,background
Background,background
Background,background
Background,background
Background,background
Background,background
Background,background
Background,background
Background,background
Background,background
Background,background
Background,background
Background,background
Background,background
Background,background
Background,background
Background,background
Background,background
Background,background
Background,background
Background,background
Background,background
Background,background
Background,background
Background,background
Background,background
Background,background
Background,background
Background,background
Background,background
Background,background
Background,background
Background,background
Background,background
Background,background
Background,background
Background,background
Background,background
Background,background
Background,background
Background,background
Background,background
Background,background
Background,background
Background,background
Background,background
Background,background
Background,background
Background,background
Background,background
Background,background
Background,background
Background,background
Background,background
Background,background
Background,background
Background,background
Background,background
Background,background
Background,background
Background,background
Background,background
Background,background
Background,background
Background,background
Background,background
Background,background
Background,background
Background,background
Background,background
Background,background
Background,background
Background,background
Background,background
Background,background
Background,background
Background,background
Background,background
Background,background
Background,background
Background,background
Background,background
Background,background
Background,background
Background,background
Background,background
Background,background
Background,background
Background,background
Background,background
Background,background
Background,background
Background,background
Background,background
Background,background
Background,background
Background,background
Background,background
Background,background
Background,background
Background,background
Background,background
Background,background
Background,background
Background,background
Background,background
Background,background
Background,background
Background,background
Background,background
Background,background
Background,background
Background,background
Background,background
Background,background
Background,background
Background,background
Background,background
Background,background
Background,background
Background,background
Background,background
Background,background
Background,background
Background,background
Background,background
Background,background
Background,background
Background,background
Background,background
Background,background
Background,background
Background,background
Background,background
Background,background
Background,background
Background,background
Background,background
Background,background
Background,background
Background,background
Background,background
Background,background
Background,background
Background,background
Background,background
Background,background
Background,background
Background,background
Background,background
Background,background
Background,background
Background,background
Background,background
Background,background
Background,background
Background,background
Background,background
Background,background
Background,background
Background,background
Background,background
Background,background
Background,background
Background,background
Background,background
Background,background
Background,background
Background,background
Background,background
Background,background
Background,background
Background,background
Background,background
Background,background
Background,background
Background,background
Background,background
Background,background
Background,background
Background,background
Background,background
Background,background
Background,background
Background,background
Background,background
Background,background
Background,background
Background,background
Background,background
Background,background
Background,background
Background,background
Background,background
Background,background
Background,background
Background,background
Background,background
Background,background
Background,background
Background,background
Background,background
Background,background
Background,background
Background,background
Background,background
Background,background
Background,background
Background,background
Background,background
Background,background
Background,background
Background,background
Background,background
Background,background
Background,background
Background,background
Background,background
Background,background
Background,background
Background,background
Background,background
Background,background
Background,background
Background,background
Background,background
Background,background
Background,background
Background,background
Background,background
Background,background
Background,background
Background,background
Background,background
Background,background
Background,background
Background,background
Background,background
Background,background
Background,background
Background,background
Background,background
Background,background
Background,background
Background,background
Background,background
Background,background
Background,background
Background,background
Background,background
Background,background
Background,background
Background,background
Background,background
Background,background
Background,background
Background,background
Background,background
Background,background
Background,background
Background,background
Background,background
Background,background
Background,background
Background,background
Background,background
Background,background
Background,background
Background,background
Background,background
Background,background
Background,background
Background,background
Background,background
Background,background
Background,background
Background,background
Background,background
Background,background
Background,background
Background,background
Background,background
Background,background
Background,background
Background,background
Background,background
Background,background
Background,background
Background,background
Background,background
Background,background
Background,background
Background,background
Background,background
Background,background
Background,background
Background,background
Background,background
Background,background
Background,background
Background,background
Background,background
Background,background
Background,background
Background,background
Background,background
Background,background
Background,background
Background,background
Background,background
Background,background
Background,background
Background,background
Background,background
Background,background
Background,background
Background,background
Background,background
Background,background
Background,background
Background,background
Background,background
Background,background
Background,background
Background,background
Background,background
Background,background
Background,background
Background,background
Background,background
Background,background
Background,background
Background,background
Background,background
Background,background
Background,background
Background,background
Background,background
Background,background
Background,background
Background,background
Background,background
Background,background
Background,background
Background,background
Background,background
Background,background
Background,background
Background,background
Background,background
Background,background
Background,background
Background,background
Background,background
Background,background
Background,background
Background,background
Background,background
Background,background
Background,background
Background,background
Background,background
Background,background
Background,background
Background,background
Background,background
Background,background
Background,background
Background,background
Background,background
Background,background
Background,background
Background,background
Background,background
Background,background
Background,background
Background,background
Background,background
Background,background
Background,background
Background,background
Background,background
Background,background
Background,background
Background,background
Background,background
Background,background
Background,background
Background,background
Background,background
Background,background
Background,background
Background,background
Background,background
Background,background
Background,background
Background,background
Background,background
Background,background
Background,background
Background,background
Background,background
Background,background
Background,background
Background,background
Background,background
Background,background
Background,background
Background,background
Background,background
Background,background
Background,background
Background,background
Background,background
Background,background
Background,background
Background,background
Background,background
Background,background
Background,background
Background,background
Background,background
Background,background
Background,background
Background,background
Background,background
Background,background
Background,background
Background,background
Background,background
Background,background
Background,background
Background,background
Background,background
Background,background
Background,background
Background,background
Background,background
Background,background
Background,background
Background,background
Background,background
Background,background
Background,background
Background,background
Background,background
Background,background
Background,background
Background,background
Background,background
Background,background
Background,background
Background,background
Background,background
Background,background
Background,background
Background,background
Background,background
Background,background
Background,background
Background,background
Background,background
Background,background
Background,background
Background,background
Background,background
Background,background
Background,background
Background,background
Background,background
Background,background
Background,background
Background,background
Background,background
Background,background
Background,background
Background,background
Background,background
Background,background
Background,background
Background,background
Background,background
Background,background
Background,background
Background,background
Background,background
Background,background
Background,background
Background,background
Background,background
Background,background
Background,background
Background,background
Background,background
Background,background
Background,background
Background,background
Background,background
Background,background
Background,background
Background,background
Background,background
Background,background
Background,background
Background,background
Background,background
Background,background
Background,background
Background,background
Background,background
Background,background
Background,background
Background,background
Background,background
Background,background
Background,background
Background,background
Background,background
Background,background
Background,background
Background,background
Background,background
Background,background
Background,background
Background,background
Background,background
Background,background
Background,background
Background,background
Background,background
Background,background
Background,background
Background,background
Background,background
Background,background
Background,background
Background,background
Background,background
Background,background
Background,background
Background,background
Background,background
Background,background
Background,background
Background,background
Background,background
Background,background
Background,background
Background,background
Background,background
Background,background
Background,background
Background,background
Background,background
Background,background
Background,background
Background,background
Background,background
Background,background
Background,background
Background,background
Background,background
Background,background
Background,background
Background,background
Background,background
Background,background
Background,background
Background,background
Background,background
Background,background
Background,background
Background,background
Background,background
Background,background
Background,background
Background,background
Background,background
Background,background
Background,background
Background,background
Background,background
Background,background
Background,background
Background,background
Background,background
Background,background
Background,background
Background,background
Background,background
Background,background
Background,background
Background,background
Background,background
Background,background
Background,background
Background,background
Background,background
Background,background
Background,background
Background,background
Background,background
Background,background
Background,background
Background,background
Background,background
Background,background
Background,background
Background,background
Background,background
Background,background
Background,background
Background,background
Background,background
Background,background
Background,background
Background,background
Background,background
Background,background
Background,background
Background,background
Background,background
Background,background
Background,background
Background,background
Background,background
Background,background
Background,background
Background,background
Background,background
Background,background
Background,background
Background,background
Background,background
Background,background
Background,background
Background,background
Background,background
Background,background
Background,background
Background,background
Background,background
Background,background
Background,background
Background,background
Background,background
Background,background
Background,background
Background,background
Background,background
Background,background
Background,background
Background,background
Background,background
Background,background
Background,background
Background,background
Background,background
Background,background
Background,background
Background,background
Background,background
Background,background
Background,background
Background,background
Background,background
Background,background
Background,background
Background,background
Background,background
Background,background
Background,background
Background,background
Background,background
Background,background
Background,background
Background,background
Background,background
Background,background
Background,background
Background,background
Background,background
Background,background
Background,background
Background,background
Background,background
Background,background
Background,background
Background,background
Background,background
Background,background
Background,background
Background,background
Background,background
Background,background
Background,background
Background,background
Background,background
Background,background
Background,background
Background,background
Background,background
Background,background
Background,background
Background,background
Background,background
Background,background
Background,background
Background,background
Background,background
Background,background
Background,background
Background,background
Background,background
Background,background
Background,background
Background,background
Background,background
Background,background
Background,background
Background,background
Background,background
Background,background
Background,background
Background,background
Background,background
Background,background
Background,background
Background,background
Background,background
Background,background
Background,background
Background,background
Background,background
Background,background
Background,background
Background,background
Background,background
Background,background
Background,background
Background,background
Background,background
Background,background
Background,background
Background,background
Background,background
Background,background
Background,background
Background,background
Background,background
Background,background
Background,background
Background,background
Background,background
Background,background
Background,background
Background,background
Background,background
Background,background
Background,background
Background,background
Background,background
Background,background
Background,background
Background,background
Background,background
Background,background
Background,background
Background,background
Background,background
Background,background
Background,background
Background,background
Background,background
Background,background
Background,background
Background,background
Background,background
Background,background
Background,background
Background,background
Background,background
Background,background
Background,background
Background,background
Background,background
Background,background
Background,background
Background,background
Background,background
Background,background
Background,background
Background,background
Background,background
Background,background
Background,background
Background,background
Background,background
Background,background
Background,background
Background,background
Background,background
Background,background
Background,background
Background,background
Background,background
Background,background
Background,background
Background,background
Background,background
Background,background
Background,background
Background,background
Background,background
Background,background
Background,background
Background,background
Background,background
Background,background
Background,background
Background,background
Background,background
Background,background
Background,background
Background,background
Background,background
Background,background
Background,background
Background,background
Background,background
Background,background
Background,background
Background,background
Background,background
Background,background
Background,background
Background,background
Background,background
Background,background
Background,background
Background,background
Background,background
Background,background
Background,background
Background,background
Background,background
Background,background
Background,background
Background,background
Background,background
Background,background
Background,background
Background,background
Background,background
Background,background
Background,background
Background,background
Background,background
Background,background
Background,background
Background,background
Background,background
Background,background
Background,background
Background,background
Background,background
Background,background
Background,background
Background,background
Background,background
Background,background
Background,background
Background,background
Background,background
Background,background
Background,background
Background,background
Background,background
Background,background
Background,background
Background,background
Background,background
Background,background
Background,background
Background,background
Background,background
Background,background
Background,background
Background,background
Background,background
Background,background
Background,background
Background,background
Background,background
Background,background
Background,background
Background,background
Background,background
Background,background
Background,background
Background,background
Background,background
Background,background
Background,background
Background,background
Background,background
Background,background
Background,background
Background,background
Background,background
Background,background
Background,background
Background,background
Background,background
Background,background
Background,background
interaction,background
interaction,background
interaction,background
interaction,background
interaction,background
interaction,background
interaction,background
interaction,background
interaction,background
interaction,background
interaction,background
interaction,background
interaction,background
interaction,interaction
interaction,interaction
interaction,interaction
interaction,interaction
interaction,interaction
interaction,interaction
interaction,interaction
interaction,interaction
interaction,interaction
interaction,interaction
interaction,interaction
interaction,interaction
interaction,interaction
interaction,interaction
interaction,interaction
interaction,interaction
interaction,interaction
interaction,interaction
interaction,interaction
interaction,interaction
interaction,interaction
interaction,interaction
interaction,interaction
interaction,interaction
interaction,interaction
interaction,interaction
interaction,interaction
interaction,interaction
interaction,interaction
interaction,interaction
interaction,interaction
interaction,interaction
interaction,interaction
interaction,interaction
interaction,interaction
interaction,interaction
interaction,interaction
interaction,interaction
interaction,interaction
interaction,interaction
interaction,interaction
interaction,interaction
interaction,interaction
interaction,interaction
interaction,interaction
interaction,interaction
interaction,interaction
interaction,interaction
interaction,interaction
interaction,interaction
interaction,interaction
interaction,interaction
interaction,interaction
interaction,interaction
interaction,interaction
interaction,interaction
interaction,interaction
interaction,interaction
interaction,interaction
interaction,interaction
interaction,interaction
interaction,interaction
interaction,interaction
interaction,interaction
interaction,interaction
interaction,interaction
interaction,interaction
interaction,interaction
interaction,interaction
interaction,interaction
interaction,interaction
interaction,interaction
interaction,interaction
interaction,interaction
interaction,interaction
interaction,interaction
interaction,interaction
interaction,interaction
interaction,interaction
interaction,interaction
interaction,interaction
interaction,interaction
interaction,interaction
interaction,interaction
interaction,interaction
interaction,interaction
interaction,interaction
interaction,interaction
interaction,interaction
interaction,interaction
interaction,interaction
interaction,interaction
interaction,interaction
interaction,interaction
interaction,interaction
interaction,interaction
interaction,interaction
interaction,interaction
interaction,interaction
interaction,interaction
interaction,interaction
interaction,interaction
interaction,interaction
interaction,interaction
interaction,interaction
interaction,interaction
interaction,interaction
interaction,interaction
interaction,interaction
interaction,interaction
interaction,interaction
interaction,interaction
interaction,interaction
interaction,interaction
interaction,interaction
interaction,interaction
interaction,interaction
interaction,interaction
interaction,interaction
interaction,interaction
interaction,interaction
interaction,interaction
interaction,interaction
interaction,interaction
interaction,interaction
interaction,interaction
interaction,interaction
interaction,interaction
interaction,interaction
interaction,interaction
interaction,interaction
interaction,interaction
interaction,interaction
interaction,interaction
interaction,interaction
interaction,interaction
interaction,interaction
interaction,interaction
interaction,interaction
interaction,interaction
interaction,interaction
interaction,interaction
interaction,interaction
interaction,interaction
interaction,interaction
interaction,interaction
interaction,interaction
interaction,interaction
interaction,interaction
interaction,interaction
interaction,interaction
interaction,interaction
interaction,interaction
interaction,interaction
interaction,interaction
interaction,interaction
interaction,interaction
interaction,interaction
interaction,interaction
interaction,interaction
interaction,interaction
interaction,interaction
interaction,interaction
interaction,interaction
interaction,interaction
interaction,interaction
interaction,interaction
interaction,interaction
interaction,interaction
interaction,interaction
interaction,interaction
interaction,interaction
interaction,interaction
interaction,interaction
interaction,interaction
interaction,interaction
interaction,background
interaction,background
interaction,background
interaction,background
interaction,background
interaction,background
interaction,background
interaction,background
interaction,background
interaction,background
interaction,background
interaction,background
interaction,background
interaction,background
interaction,background
interaction,background
interaction,background
interaction,background
interaction,background
interaction,background
interaction,background
interaction,background
interaction,background
interaction,background
interaction,background
Background,background
Background,background
Background,background
Background,background
Background,background
Background,background
Background,background
Background,background
Background,background
Background,background
Background,background
Background,background
Background,background
Background,background
Background,background
Background,background
Background,background
Background,background
Background,background
Background,background
Background,background
Background,background
Background,background
Background,background
Background,background
Background,background
Background,background
Background,background
Background,background
Background,background
Background,background
Background,background
Background,background
Background,background
Background,background
Background,background
Background,background
Background,background
Background,background
Background,background
Background,background
Background,background
Background,background
Background,background
Background,background
Background,background
Background,background
Background,background
Background,background
Background,background
Background,background
Background,background
Background,background
Background,background
Background,background
Background,background
Background,background
Background,background
Background,background
Background,background
Background,background
Background,background
Background,background
Background,background
Background,background
Background,background
Background,background
Background,background
Background,background
Background,background
Background,background
Background,background
Background,background
Background,background
Background,background
Background,background
Background,background
Background,background
Background,background
Background,background
Background,background
Background,background
Background,background
Background,background
Background,background
Background,background
Background,background
Background,background
Background,background
Background,background
Background,background
Background,background
Background,background
Background,background
Background,background
Background,background
Background,background
Background,background
Background,background
Background,background
Background,background
Background,background
Background,background
Background,background
Background,background
Background,background
Background,background
Background,background
Background,background
Background,background
Background,background
Background,background
Background,background
Background,background
Background,background
Background,background
Background,background
Background,background
Background,background
Background,background
Background,background
Background,background
Background,background
Background,background
Background,background
Background,background
Background,background
Background,background
Background,background
Background,background
Background,background
Background,background
Background,background
Background,background
Background,background
Background,background
Background,background
Background,background
Background,background
Background,background
Background,background
Background,background
Background,background
Background,background
Background,background
Background,background
Background,background
Background,background
Background,background
Background,background
Background,background
Background,background
Background,background
Background,background
Background,background
Background,background
Background,background
Background,background
Background,background
Background,background
Background,background
Background,background
Background,background
Background,background
Background,background
Background,background
Background,background
Background,background
Background,background
Background,background
Background,background
Background,background
Background,background
Background,background
Background,background
Background,background
Background,background
Background,background
Background,background
Background,background
Background,background
Background,background
Background,background
Background,background
Background,background
Background,background
Background,background
Background,background
Background,background
Background,background
Background,background
Background,background
Background,background
Background,background
Background,background
Background,background
Background,background
Background,background
Background,background
Background,background
Background,background
Background,background
Background,background
Background,background
Background,background
Background,background
Background,background
Background,background
Background,background
Background,background
Background,background
Background,background
Background,background
Background,background
Background,background
Background,background
Background,background
Background,background
Background,background
Background,background
Background,background
Background,background
Background,background
Background,background
Background,background
Background,background
Background,background
Background,background
Background,background
Background,background
Background,background
Background,background
Background,background
Background,background
Background,background
Background,background
Background,background
Background,background
Background,background
Background,background
Background,background
Background,background
Background,background
Background,background
Background,background
Background,background
Background,background
Background,background
Background,background
Background,background
Background,background
Background,background
Background,background
Background,background
Background,background
Background,background
Background,background
Background,background
Background,background
Background,background
Background,background
Background,background
Background,background
Background,background
Background,background
Background,background
Background,background
Background,background
Background,background
Background,background
Background,background
Background,background
Background,background
Background,background
Background,background
Background,background
Background,background
Background,background
Background,background
Background,background
Background,background
Background,background
Background,background
Background,background
Background,background
Background,background
Background,background
Background,background
Background,background
Background,background
Background,background
Background,background
Background,background
Background,background
Background,background
Background,background
Background,background
Background,background
Background,background
Background,background
Background,background
Background,background
Background,background
Background,background
Background,background
Background,background
Background,background
Background,background
Background,background
Background,background
Background,background
Background,background
Background,background
Background,background
Background,background
Background,background
Background,background
Background,background
Background,background
Background,background
Background,background
Background,background
Background,background
Background,background
Background,background
Background,background
Background,background
Background,background
Background,background
Background,background
Background,background
Background,background
Background,background
Background,background
Background,background
Background,background
Background,background
Background,background
Background,background
Background,background
Background,background
Background,background
Background,background
Background,background
Background,background
Background,background
Background,background
Background,background
Background,background
Background,background
Background,background
Background,background
Background,background
Background,background
Background,background
Background,background
Background,background
Background,background
Background,background
Background,background
Background,background
Background,background
Background,background
Background,background
Background,background
Background,background
Background,background
Background,background
Background,background
Background,background
Background,background
Background,background
Background,background
Background,background
Background,background
Background,background
Background,background
Background,background
Background,background
Background,background
Background,background
Background,background
Background,background
Background,background
Background,background
Background,background
Background,background
Background,background
Background,background
Background,background
Background,background
Background,background
Background,background
Background,background
Background,background
Background,background
Background,background
Background,background
Background,background
Background,background
Background,background
Background,background
Background,background
Background,background
Background,background
Background,background
Background,background
Background,background
Background,background
Background,background
Background,background
Background,background
Background,background
Background,background
Background,background
Background,background
Background,background
Background,background
Background,background
Background,background
Background,background
Background,background
Background,background
Background,background
Background,background
Background,background
Background,background
Background,background
Background,background
Background,background
Background,background
Background,background
Background,background
Background,background
Background,background
Background,background
Background,background
Background,background
Background,background
Background,background
Background,background
Background,background
Background,background
Background,background
Background,background
Background,background
Background,background
Background,background
Background,background
Background,background
Background,background
Background,background
Background,background
Background,background
Background,background
Background,background
Background,background
Background,background
Background,background
Background,background
Background,background
Background,background
Background,background
Background,background
Background,background
Background,background
Background,background
Background,background
Background,background
Background,background
Background,background
Background,background
Background,background
Background,background
Background,background
Background,background
Background,background
Background,background
Background,background
Background,background
Background,background
Background,background
Background,background
Background,background
Background,background
Background,background
Background,background
Background,background
Background,background
Background,background
Background,background
Background,background
Background,background
Background,background
Background,background
Background,background
Background,background
Background,background
Background,background
Background,background
Background,background
Background,background
Background,background
Background,background
Background,background
Background,background
Background,background
Background,background
Background,background
Background,background
Background,background
Background,background
Background,background
Background,background
Background,background
Background,background
Background,background
Background,background
Background,background
Background,background
Background,background
Background,background
Background,background
Background,background
Background,background
Background,background
Background,background
Background,background
Background,background
Background,background
Background,background
Background,background
Background,background
Background,background
Background,background
Background,background
Background,background
Background,background
Background,background
Background,background
Background,background
Background,background
Background,background
Background,background
Background,background
Background,background
Background,background
Background,background
Background,background
Background,background
Background,background
Background,background
Background,background
Background,background
Background,background
Background,background
Background,background
Background,background
Background,background
Background,background
Background,background
Background,background
Background,background
Background,background
Background,background
Background,background
Background,background
Background,background
Background,background
Background,background
Background,background
Background,background
Background,background
Background,background
Background,background
Background,background
Background,background
Background,background
Background,background
Background,background
Background,background
Background,background
Background,background
Background,background
Background,background
Background,background
Background,background
Background,background
Background,background
Background,background
Background,background
Background,background
Background,background
Background,background
Background,background
Background,background
Background,background
Background,background
Background,background
Background,background
Background,background
Background,background
Background,background
Background,background
Background,background
Background,background
Background,background
Background,background
Background,background
Background,background
Background,background
Background,background
Background,background
Background,background
Background,background
Background,background
Background,background
Background,background
Background,background
Background,background
Background,background
Background,background
Background,background
Background,background
Background,background
Background,background
Background,background
Background,background
Background,background
Background,background
Background,background
Background,background
Background,background
Background,background
Background,background
Background,background
Background,background
Background,background
Background,background
Background,background
Background,background
Background,background
Background,background
Background,background
Background,background
Background,background
Background,background
Background,background
Background,background
Background,background
Background,background
Background,background
Background,background
Background,background
Background,background
Background,background
Background,background
Background,background
Background,background
Background,background
Background,background
Background,background
Background,background
Background,background
Background,background
Background,background
Background,background
Background,background
Background,background
Background,background
Background,background
Background,background
Background,background
Background,background
Background,background
Background,background
Background,background
Background,background
Background,background
Background,background
Background,background
Background,background
Background,background
Background,background
Background,background
Background,background
Background,background
Background,background
Background,background
Background,background
Background,background
Background,background
Background,background
Background,background
Background,background
Background,background
Background,background
Background,background
Background,background
Background,background
Background,background
Background,background
Background,background
Background,background
Background,background
Background,background
Background,background
Background,background
Background,background
Background,background
Background,background
Background,background
Background,background
Background,background
Background,background
Background,background
Background,background
Background,background
Background,background
Background,background
Background,background
Background,background
Background,background
Background,background
Background,background
Background,background
Background,background
Background,background
Background,background
Background,background
Background,background
Background,background
Background,background
Background,background
Background,background
Background,background
Background,background
Background,background
Background,background
Background,background
Background,background
Background,background
Background,background
Background,background
Background,background
Background,background
Background,background
Background,background
Background,background
Background,background
Background,background
Background,background
Background,background
Background,background
Background,background
Background,background
Background,background
Background,background
Background,background
Background,background
Background,background
Background,background
Background,background
Background,background
Background,background
Background,background
Background,background
Background,background
Background,background
Background,background
Background,background
Background,background
Background,background
Background,background
Background,background
Background,background
Background,background
Background,background
Background,background
Background,background
Background,background
Background,background
Background,background
Background,background
Background,background
Background,background
Background,background
Background,background
posing,background
posing,background
posing,background
posing,background
posing,background
posing,background
Background,background
Background,background
Background,background
Background,background
Background,background
Background,background
Background,background
Background,background
Background,background
Background,background
Background,background
Background,background
Background,background
Background,background
Background,background
Background,background
Background,background
Background,background
Background,background
Background,background
Background,background
Background,background
Background,background
Background,background
Background,background
Background,background
Background,background
Background,background
Background,background
Background,background
Background,background
Background,background
Background,background
Background,background
Background,background
Background,background
Background,background
Background,background
Background,background
Background,background
Background,background
Background,background
Background,background
Background,background
Background,background
Background,background
Background,background
Background,background
Background,background
Background,background
Background,background
Background,background
Background,background
Background,background
Background,background
Background,background
Background,background
Background,background
Background,background
Background,background
Background,background
Background,background
Background,background
Background,background
Background,background
Background,background
Background,background
Background,background
Background,background
Background,background
Background,background
Background,background
Background,background
Background,background
Background,background
Background,background
Background,background
Background,background
Background,background
Background,background
Background,background
Background,background
Background,background
Background,background
Background,background
Background,background
Background,background
Background,background
Background,background
Background,background
Background,background
Background,background
Background,background
Background,background
Background,background
Background,background
Background,background
Background,background
Background,background
Background,background
Background,background
Background,background
Background,background
Background,background
Background,background
Background,background
Background,background
Background,background
Background,background
Background,background
Background,background
Background,background
Background,background
Background,background
Background,background
Background,background
Background,background
Background,background
Background,background
Background,background
Background,background
Background,background
Background,background
Background,background
Background,background
Background,background
Background,background
Background,background
Background,background
Background,background
Background,background
Background,background
Background,background
Background,background
Background,background
Background,background
Background,background
Background,background
Background,background
Background,background
Background,background
Background,background
Background,background
Background,background
Background,background
Background,background
Background,background
Background,background
Background,background
Background,background
Background,background
Background,background
Background,background
Background,background
Background,background
Background,background
Background,background
Background,background
Background,background
Background,background
Background,background
Background,background
Background,background
Background,background
Background,background
Background,background
Background,background
Background,background
Background,background
Background,background
Background,background
Background,background
Background,background
Background,background
Background,background
Background,background
Background,background
Background,background
Background,background
Background,background
Background,background
Background,background
Background,background
Background,background
Background,background
Background,background
Background,background
Background,background
Background,background
Background,background
Background,background
Background,background
Background,background
Background,background
Background,background
Background,background
Background,background
Background,background
Background,background
Background,background
Background,background
Background,background
Background,background
Background,background
Background,background
Background,background
Background,background
Background,background
Background,background
Background,background
Background,background
Background,background
Background,background
Background,background
Background,background
Background,background
Background,background
Background,background
Background,background
Background,background
Background,background
Background,background
Background,background
Background,background
Background,background
Background,background
Background,background
Background,background
Background,background
Background,background
Background,background
Background,background
Background,background
Background,background
Background,background
Background,background
Background,background
Background,background
Background,background
Background,background
Background,background
Background,background
Background,background
Background,background
Background,background
Background,background
Background,background
Background,background
Background,background
Background,background
Background,background
Background,background
Background,background
Background,background
Background,background
Background,background
Background,background
Background,background
Background,background
Background,background
Background,background
Background,background
Background,background
Background,background
Background,background
Background,background
Background,background
Background,background
Background,background
Background,background
Background,background
Background,background
Background,background
Background,background
Background,background
Background,background
Background,background
Background,background
Background,background
Background,background
Background,background
Background,background
Background,background
Background,background
Background,background
Background,background
Background,background
Background,background
Background,background
Background,background
Background,background
Background,background
Background,background
Background,background
Background,background
Background,background
Background,background
Background,background
Background,background
Background,background
Background,background
Background,background
Background,background
Background,background
Background,background
Background,background
Background,background
Background,background
Background,background
Background,background
Background,background
Background,background
Background,background
Background,background
Background,background
Background,background
Background,background
Background,background
Background,background
Background,background
Background,background
Background,background
Background,background
Background,background
Background,background
Background,background
Background,background
Background,background
Background,background
Background,background
Background,background
Background,background
Background,background
Background,background
Background,background
Background,background
Background,background
Background,background
Background,background
Background,background
Background,background
Background,background
Background,background
Background,background
Background,background
Background,background
Background,background
Background,background
Background,background
Background,background
Background,background
Background,background
Background,background
Background,background
Background,background
Background,background
Background,background
Background,background
Background,background
Background,background
Background,background
Background,background
Background,background
Background,background
Background,background
Background,background
Background,background
Background,background
Background,background
Background,background
Background,background
Background,background
Background,background
Background,background
Background,background
Background,background
Background,background
Background,background
Background,background
Background,background
Background,background
Background,background
Background,background
Background,background
Background,background
Background,background
Background,background
Background,background
interaction,background
interaction,background
interaction,background
interaction,background
interaction,background
interaction,background
interaction,background
interaction,background
interaction,background
interaction,background
interaction,background
interaction,background
interaction,background
interaction,background
interaction,background
interaction,background
interaction,background
interaction,background
interaction,background
interaction,background
interaction,background
interaction,background
interaction,background
interaction,background
interaction,background
interaction,background
interaction,background
interaction,background
interaction,background
interaction,background
interaction,background
interaction,background
interaction,background
interaction,background
interaction,background
interaction,background
interaction,background
interaction,background
interaction,background
interaction,background
interaction,background
interaction,background
interaction,background
interaction,background
interaction,background
interaction,background
interaction,background
interaction,background
interaction,background
interaction,background
interaction,background
interaction,background
interaction,background
interaction,background
interaction,background
interaction,interaction
interaction,interaction
interaction,interaction
interaction,interaction
interaction,interaction
interaction,interaction
interaction,interaction
interaction,interaction
interaction,interaction
interaction,interaction
interaction,interaction
interaction,interaction
interaction,interaction
interaction,interaction
interaction,interaction
interaction,interaction
interaction,interaction
interaction,interaction
interaction,interaction
interaction,interaction
interaction,interaction
interaction,interaction
interaction,interaction
interaction,interaction
interaction,interaction
interaction,interaction
interaction,interaction
interaction,interaction
interaction,interaction
interaction,interaction
interaction,interaction
interaction,interaction
interaction,interaction
interaction,interaction
interaction,interaction
interaction,interaction
interaction,interaction
interaction,interaction
interaction,interaction
interaction,interaction
interaction,interaction
interaction,interaction
interaction,interaction
interaction,interaction
interaction,interaction
interaction,interaction
interaction,interaction
interaction,interaction
interaction,interaction
interaction,interaction
interaction,interaction
interaction,interaction
interaction,interaction
interaction,interaction
interaction,interaction
interaction,interaction
interaction,interaction
interaction,interaction
interaction,interaction
interaction,interaction
interaction,interaction
interaction,interaction
interaction,interaction
interaction,interaction
interaction,interaction
interaction,interaction
interaction,interaction
interaction,interaction
interaction,interaction
interaction,interaction
interaction,interaction
interaction,interaction
interaction,interaction
interaction,interaction
interaction,interaction
interaction,interaction
interaction,interaction
interaction,interaction
interaction,interaction
interaction,interaction
interaction,interaction
interaction,interaction
interaction,interaction
interaction,interaction
interaction,interaction
interaction,interaction
interaction,interaction
interaction,interaction
interaction,interaction
interaction,interaction
interaction,interaction
interaction,interaction
interaction,interaction
interaction,interaction
interaction,interaction
interaction,interaction
interaction,interaction
interaction,interaction
interaction,interaction
interaction,interaction
interaction,interaction
interaction,interaction
interaction,interaction
interaction,interaction
interaction,interaction
interaction,interaction
interaction,interaction
interaction,interaction
interaction,interaction
interaction,interaction
interaction,interaction
interaction,interaction
interaction,interaction
interaction,interaction
interaction,interaction
interaction,interaction
interaction,interaction
interaction,interaction
interaction,interaction
interaction,interaction
interaction,interaction
interaction,interaction
interaction,interaction
interaction,interaction
interaction,interaction
interaction,interaction
interaction,interaction
interaction,interaction
interaction,interaction
interaction,interaction
interaction,interaction
interaction,interaction
interaction,interaction
interaction,interaction
interaction,interaction
interaction,interaction
interaction,interaction
interaction,interaction
interaction,interaction
interaction,interaction
interaction,interaction
interaction,interaction
interaction,interaction
interaction,interaction
interaction,interaction
interaction,interaction
interaction,interaction
interaction,interaction
interaction,interaction
interaction,interaction
interaction,interaction
interaction,interaction
interaction,interaction
interaction,interaction
interaction,interaction
interaction,interaction
interaction,interaction
interaction,interaction
interaction,interaction
interaction,interaction
interaction,interaction
interaction,interaction
interaction,interaction
interaction,interaction
interaction,interaction
interaction,interaction
interaction,interaction
interaction,interaction
interaction,interaction
interaction,interaction
interaction,interaction
interaction,interaction
interaction,interaction
interaction,interaction
interaction,interaction
interaction,interaction
interaction,interaction
interaction,interaction
interaction,interaction
interaction,interaction
interaction,interaction
interaction,interaction
interaction,interaction
interaction,interaction
interaction,interaction
interaction,interaction
interaction,interaction
interaction,interaction
interaction,interaction
interaction,interaction
interaction,interaction
interaction,interaction
interaction,interaction
interaction,interaction
interaction,interaction
interaction,interaction
interaction,interaction
interaction,interaction
interaction,interaction
interaction,interaction
interaction,interaction
interaction,interaction
interaction,interaction
interaction,interaction
interaction,interaction
interaction,interaction
interaction,interaction
interaction,interaction
interaction,interaction
interaction,interaction
interaction,interaction
interaction,interaction
interaction,interaction
interaction,interaction
interaction,interaction
interaction,interaction
interaction,interaction
interaction,interaction
interaction,interaction
interaction,interaction
interaction,interaction
interaction,interaction
interaction,interaction
interaction,interaction
interaction,interaction
interaction,interaction
interaction,interaction
interaction,interaction
interaction,interaction
interaction,interaction
interaction,interaction
interaction,interaction
interaction,interaction
interaction,interaction
interaction,interaction
interaction,interaction
interaction,interaction
interaction,interaction
interaction,interaction
interaction,interaction
interaction,interaction
interaction,interaction
interaction,interaction
interaction,interaction
interaction,interaction
interaction,interaction
interaction,interaction
interaction,interaction
interaction,interaction
interaction,interaction
interaction,interaction
interaction,interaction
interaction,interaction
interaction,interaction
interaction,interaction
interaction,interaction
interaction,interaction
interaction,interaction
interaction,interaction
interaction,interaction
interaction,interaction
interaction,interaction
interaction,interaction
interaction,interaction
interaction,interaction
interaction,interaction
interaction,interaction
interaction,interaction
interaction,interaction
interaction,interaction
interaction,interaction
interaction,interaction
interaction,interaction
interaction,interaction
interaction,interaction
interaction,interaction
interaction,interaction
interaction,interaction
interaction,interaction
interaction,interaction
interaction,interaction
interaction,interaction
interaction,interaction
interaction,interaction
interaction,interaction
interaction,interaction
interaction,interaction
interaction,interaction
interaction,interaction
interaction,interaction
interaction,interaction
interaction,interaction
interaction,interaction
interaction,interaction
interaction,interaction
interaction,interaction
interaction,interaction
interaction,interaction
interaction,interaction
interaction,interaction
interaction,interaction
interaction,interaction
interaction,interaction
interaction,interaction
interaction,interaction
interaction,interaction
interaction,interaction
interaction,interaction
interaction,interaction
interaction,interaction
interaction,interaction
interaction,interaction
interaction,interaction
interaction,interaction
interaction,interaction
interaction,interaction
interaction,interaction
interaction,interaction
interaction,interaction
interaction,interaction
interaction,interaction
interaction,interaction
interaction,interaction
interaction,interaction
interaction,interaction
interaction,interaction
interaction,interaction
interaction,interaction
interaction,interaction
interaction,interaction
interaction,interaction
interaction,interaction
interaction,interaction
interaction,interaction
interaction,interaction
interaction,interaction
interaction,interaction
interaction,interaction
interaction,interaction
interaction,interaction
Background,interaction
Background,interaction
Background,interaction
Background,interaction
Background,interaction
Background,interaction
Background,interaction
Background,interaction
Background,interaction
Background,background
Background,background
Background,background
Background,background
Background,background
Background,background
Background,background
Background,background
Background,background
Background,background
Background,background
Background,background
Background,background
Background,background
Background,background
Background,background
Background,background
Background,background
Background,background
Background,background
Background,background
Background,background
Background,background
Background,background
Background,background
Background,background
Background,background
Background,background
Background,background
Background,background
Background,background
Background,background
Background,background
Background,background
Background,background
Background,background
Background,background
Background,background
Background,background
Background,background
Background,background
Background,background
Background,background
Background,background
Background,background
Background,background
Background,background
Background,background
Background,background
Background,background
Background,background
Background,background
Background,background
Background,background
Background,background
Background,background
Background,background
Background,background
Background,background
Background,background
Background,background
Background,background
Background,background
Background,background
Background,background
Background,background
Background,background
Background,background
Background,background
Background,background
Background,background
Background,background
Background,background
Background,background
Background,background
Background,background
Background,background
Background,background
Background,background
Background,background
Background,background
Background,background
Background,background
Background,background
Background,background
Background,background
Background,background
Background,background
Background,background
Background,background
Background,background
Background,background
Background,background
Background,background
Background,background
Background,background
Background,background
Background,background
Background,background
Background,background
Background,background
Background,background
Background,background
Background,background
Background,background
Background,background
Background,background
Background,background
Background,background
Background,background
Background,background
Background,background
Background,background
Background,background
Background,background
Background,background
Background,background
Background,background
Background,background
Background,background
Background,background
Background,background
Background,background
Background,background
Background,background
Background,background
Background,background
Background,background
Background,background
Background,background
Background,background
Background,background
Background,background
Background,background
Background,background
Background,background
Background,background
Background,background
Background,background
Background,background
Background,background
Background,background
Background,background
Background,background
Background,background
Background,background
Background,background
Background,background
Background,background
Background,background
Background,background
Background,background
Background,background
Background,background
Background,background
Background,background
Background,background
Background,background
Background,background
Background,background
Background,background
Background,background
Background,background
Background,background
Background,background
Background,background
Background,background
Background,background
Background,background
Background,background
Background,background
Background,background
Background,background
Background,background
Background,background
Background,background
Background,background
Background,background
Background,background
Background,background
Background,background
Background,background
Background,background
Background,background
Background,background
Background,background
Background,background
Background,background
Background,background
Background,background
Background,background
Background,background
Background,background
Background,background
Background,background
Background,background
Background,background
Background,background
Background,background
Background,background
Background,background
Background,background
Background,background
Background,background
Background,background
Background,background
Background,background
Background,background
Background,background
Background,background
Background,background
Background,background
Background,background
Background,background
Background,background
Background,background
Background,background
Background,background
Background,background
Background,background
Background,background
Background,background
Background,background
Background,background
Background,background
Background,background
Background,background
Background,background
Background,background
Background,background
Background,background
Background,background
Background,background
Background,background
Background,background
Background,background
Background,background
Background,background
Background,background
Background,background
Background,background
Background,background
Background,background
Background,background
Background,background
Background,background
Background,background
Background,background
Background,background
Background,background
Background,background
Background,background
Background,background
Background,background
Background,background
Background,background
Background,background
Background,background
Background,background
Background,background
Background,background
Background,background
Background,background
Background,background
Background,background
Background,background
Background,background
Background,background
Background,background
Background,background
Background,background
Background,background
Background,background
Background,background
Background,background
Background,background
Background,background
Background,background
Background,background
Background,background
Background,background
Background,background
Background,background
Background,background
Background,background
Background,background
Background,background
Background,background
Background,background
Background,background
Background,background
Background,background
Background,background
Background,background
Background,background
Background,background
Background,background
Background,background
Background,background
Background,background
Background,background
Background,background
Background,background
Background,background
Background,background
Background,background
Background,background
Background,background
Background,background
Background,background
Background,background
Background,background
Background,background
Background,background
Background,background
Background,background
Background,background
Background,background
Background,background
Background,background
Background,background
Background,background
Background,background
Background,background
Background,background
Background,background
Background,background
Background,background
Background,background
Background,background
Background,background
Background,background
Background,background
Background,background
Background,background
Background,background
Background,background
Background,background
Background,background
Background,background
Background,background
Background,background
Background,background
Background,background
Background,background
Background,background
Background,background
Background,background
Background,background
Background,background
Background,background
Background,background
Background,background
Background,background
Background,background
Background,background
Background,background
Background,background
Background,background
Background,background
Background,background
Background,background
Background,background
Background,background
Background,background
Background,background
Background,background
Background,background
Background,background
Background,background
Background,background
Background,background
Background,background
Background,background
Background,background
Background,background
Background,background
Background,background
Background,background
Background,background
Background,background
Background,background
Background,background
Background,background
Background,background
Background,background
Background,background
Background,background
Background,background
Background,background
Background,background
Background,background
Background,background
Background,background
Background,background
Background,background
Background,background
Background,background
Background,background
Background,background
Background,background
Background,background
Background,background
Background,background
Background,background
Background,background
Background,background
Background,background
Background,background
interaction,background
interaction,background
interaction,background
interaction,background
interaction,background
interaction,background
interaction,background
interaction,background
interaction,background
interaction,background
interaction,background
interaction,background
interaction,background
interaction,background
interaction,background
interaction,background
interaction,background
interaction,background
interaction,background
interaction,background
interaction,background
interaction,background
interaction,background
interaction,background
interaction,background
interaction,background
interaction,background
interaction,background
interaction,background
interaction,background
interaction,background
interaction,background
interaction,background
interaction,background
interaction,background
interaction,background
interaction,background
interaction,background
interaction,background
interaction,background
interaction,background
interaction,background
interaction,background
interaction,background
interaction,background
interaction,background
interaction,background
interaction,background
interaction,background
interaction,background
interaction,background
interaction,background
interaction,background
interaction,background
interaction,background
interaction,background
interaction,background
interaction,background
Background,background
Background,background
Background,background
Background,background
Background,background
Background,background
Background,background
Background,background
Background,background
Background,background
Background,background
Background,background
Background,background
Background,background
Background,background
Background,background
Background,background
Background,background
Background,background
Background,background
Background,background
Background,background
Background,background
Background,background
Background,background
Background,background
Background,background
Background,background
Background,background
Background,background
Background,background
Background,background
Background,background
Background,background
Background,background
Background,background
Background,background
Background,background
Background,background
Background,background
Background,background
Background,background
Background,background
Background,background
Background,background
Background,background
Background,background
Background,background
Background,background
Background,background
Background,background
Background,background
Background,background
Background,background
Background,background
Background,background
Background,background
Background,background
Background,background
Background,background
Background,background
Background,background
Background,background
Background,background
Background,background
Background,background
Background,background
Background,background
Background,background
Background,background
Background,background
Background,background
Background,background
Background,background
Background,background
Background,background
Background,background
Background,background
Background,background
Background,background
Background,background
Background,background
Background,background
Background,background
Background,background
Background,background
Background,background
Background,background
Background,background
Background,background
Background,background
Background,background
Background,background
Background,background
Background,background
Background,background
Background,background
Background,background
Background,background
Background,background
Background,background
Background,background
Background,background
Background,background
Background,background
Background,background
Background,background
Background,background
Background,background
Background,background
Background,background
Background,background
Background,background
Background,background
Background,background
Background,background
Background,background
Background,background
Background,background
Background,background
Background,background
Background,background
Background,background
Background,background
Background,background
Background,background
Background,background
Background,background
Background,background
Background,background
Background,background
Background,background
Background,background
Background,background
Background,background
Background,background
Background,background
Background,background
Background,background
Background,background
Background,background
Background,background
Background,background
Background,background
Background,background
Background,background
Background,background
Background,background
Background,background
Background,background
Background,background
Background,background
Background,background
Background,background
Background,background
Background,background
Background,background
Background,background
Background,background
Background,background
Background,background
Background,background
Background,background
Background,background
Background,background
Background,background
Background,background
Background,background
Background,background
Background,background
Background,background
Background,background
Background,background
Background,background
Background,background
Background,background
Background,background
Background,background
Background,background
Background,background
Background,background
Background,background
Background,background
Background,background
Background,background
Background,background
Background,background
Background,background
Background,background
Background,background
Background,background
Background,background
Background,background
Background,background
Background,background
Background,background
Background,background
Background,background
Background,background
Background,background
Background,background
Background,background
Background,background
Background,background
Background,background
Background,background
Background,background
Background,background
Background,background
Background,background
Background,background
Background,background
Background,background
Background,background
Background,background
Background,background
Background,background
Background,background
Background,background
Background,background
Background,background
Background,background
Background,background
Background,background
Background,background
Background,background
Background,background
Background,background
Background,background
Background,background
Background,background
Background,background
Background,background
Background,background
Background,background
Background,background
Background,background
Background,background
Background,background
Background,background
Background,background
Background,background
Background,background
Background,background
Background,background
Background,background
Background,background
Background,background
Background,background
Background,background
Background,background
Background,background
Background,background
Background,background
Background,background
Background,background
Background,background
Background,background
Background,background
Background,background
Background,background
Background,background
Background,background
Background,background
Background,background
Background,background
Background,background
Background,background
Background,background
Background,background
Background,background
Background,background
Background,background
Background,background
Background,background
Background,background
Background,background
Background,background
Background,background
Background,background
Background,background
Background,background
Background,background
Background,background
Background,background
Background,background
Background,background
Background,background
Background,background
Background,background
Background,background
Background,background
Background,background
Background,background
Background,background
Background,background
Background,background
Background,background
Background,background
Background,background
Background,background
Background,background
Background,background
Background,background
Background,background
Background,background
Background,background
Background,background
Background,background
Background,background
Background,background
Background,background
Background,background
Background,background
Background,background
Background,background
Background,background
Background,background
Background,background
Background,background
Background,background
Background,background
Background,background
Background,background
Background,background
Background,background
Background,background
Background,background
Background,background
Background,background
Background,background
Background,background
Background,background
Background,background
Background,background
Background,background
Background,background
Background,background
Background,background
Background,background
Background,background
Background,background
Background,background
Background,background
Background,background
Background,background
Background,background
Background,background
Background,background
Background,background
Background,background
Background,background
Background,background
Background,background
Background,background
Background,background
Background,background
Background,background
Background,background
Background,background
Background,background
Background,background
Background,background
Background,background
Background,background
Background,background
Background,background
Background,background
Background,background
Background,background
Background,background
Background,background
Background,background
Background,background
Background,background
Background,background
Background,background
Background,background
Background,background
Background,background
Background,background
Background,background
Background,background
Background,background
Background,background
Background,background
Background,background
Background,background
Background,background
Background,background
Background,background
Background,background
Background,background
Background,background
Background,background
Background,background
Background,background
Background,background
Background,background
Background,background
Background,background
Background,background
Background,background
Background,background
Background,background
Background,background
Background,background
Background,background
Background,background
Background,background
Background,background
Background,background
Background,background
Background,background
Background,background
Background,background
Background,background
Background,background
Background,background
Background,background
Background,background
Background,background
Background,background
Background,background
Background,background
Background,background
Background,background
Background,background
Background,background
Background,background
Background,background
Background,background
Background,background
Background,background
Background,background
Background,background
Background,background
Background,background
Background,background
Background,background
Background,background
Background,background
Background,background
Background,background
Background,background
Background,background
Background,background
Background,background
Background,background
Background,background
Background,background
Background,background
Background,background
Background,background
Background,background
Background,background
Background,background
Background,background
Background,background
Background,background
Background,background
Background,background
Background,background
Background,background
Background,background
Background,background
Background,background
Background,background
Background,background
Background,background
Background,background
Background,background
Background,background
Background,background
Background,background
Background,background
Background,background
Background,background
Background,background
Background,background
Background,background
Background,background
Background,background
Background,background
Background,background
Background,background
Background,background
Background,background
Background,background
Background,background
Background,background
Background,background
Background,background
Background,background
Background,background
Background,background
Background,background
Background,background
Background,background
Background,background
Background,background
Background,background
Background,background
Background,background
Background,background
Background,background
Background,background
Background,background
Background,background
Background,background
Background,background
Background,background
Background,background
Background,background
Background,background
Background,background
Background,background
Background,background
Background,background
Background,background
Background,background
Background,background
Background,background
Background,background
Background,background
Background,background
Background,background
Background,background
Background,background
Background,background
Background,background
Background,background
Background,background
Background,background
Background,background
Background,background
Background,background
Background,background
Background,background
Background,background
Background,background
Background,background
Background,background
Background,background
Background,background
Background,background
Background,background
Background,background
Background,background
Background,background
Background,background
Background,background
Background,background
Background,background
Background,background
Background,background
Background,background
Background,background
Background,background
Background,background
Background,background
Background,background
Background,background
Background,background
Background,background
Background,background
Background,background
Background,background
Background,background
Background,background
Background,background
Background,background
Background,background
Background,background
Background,background
Background,background
Background,background
Background,background
Background,background
Background,background
Background,background
Background,background
Background,background
Background,background
Background,background
Background,background
Background,background
Background,background
Background,background
Background,background
Background,background
Background,background
Background,background
Background,background
Background,background
Background,background
Background,background
Background,background
Background,background
Background,background
Background,background
Background,background
Background,background
Background,background
Background,background
Background,background
Background,background
Background,background
Background,background
Background,background
Background,background
Background,background
Background,background
Background,background
Background,background
Background,background
Background,background
Background,background
Background,background
Background,background
Background,background
Background,background
Background,background
Background,background
Background,background
Background,background
Background,background
Background,background
Background,background
Background,background
Background,background
Background,background
Background,background
Background,background
Background,background
Background,background
Background,background
Background,background
Background,background
Background,background
Background,background
Background,background
Background,background
Background,background
Background,background
Background,background
Background,background
Background,background
Background,background
Background,background
Background,background
Background,background
Background,background
Background,background
Background,background
Background,background
Background,background
Background,background
Background,background
Background,background
Background,background
Background,background
Background,background
Background,background
Background,background
Background,background
Background,background
Background,background
Background,background
Background,background
Background,background
Background,background
Background,background
Background,background
Background,background
Background,background
Background,background
Background,background
Background,background
Background,background
Background,background
Background,background
Background,background
Background,background
Background,background
Background,background
Background,background
Background,background
Background,background
Background,background
Background,background
Background,background
Background,background
Background,background
Background,background
Background,background
Background,background
Background,background
Background,background
Background,background
Background,background
Background,background
Background,background
Background,background
Background,background
Background,background
Background,background
Background,background
Background,background
Background,background
Background,background
Background,background
Background,background
Background,background
Background,background
Background,background
Background,background
Background,background
Background,background
Background,background
Background,background
Background,background
Background,background
Background,background
Background,background
Background,background
Background,background
Background,background
Background,background
Background,background
Background,background
Background,background
Background,background
Background,background
Background,background
Background,background
Background,background
Background,background
Background,background
Background,background
Background,background
Background,background
Background,background
Background,background
Background,background
Background,background
Background,background
Background,background
Background,background
Background,background
Background,background
Background,background
Background,background
Background,background
Background,background
Background,background
Background,background
Background,background
Background,background
Background,background
Background,background
Background,background
Background,background
Background,background
Background,background
Background,background
Background,background
Background,background
Background,background
Background,background
Background,background
Background,background
Background,background
Background,background
Background,background
Background,background
Background,background
Background,background
Background,background
Background,background
Background,background
Background,background
Background,background
Background,background
Background,background
Background,background
Background,background
Background,background
Background,background
Background,background
Background,background
Background,background
Background,background
Background,background
Background,background
Background,background
Background,background
Background,background
Background,background
Background,background
Background,background
Background,background
Background,background
Background,background
Background,background
Background,background
Background,background
Background,background
Background,background
Background,background
Background,background
Background,background
Background,background
Background,background
Background,background
Background,background
Background,background
Background,background
Background,background
Background,background
Background,background
Background,background
Background,background
Background,background
Background,background
Background,background
Background,background
Background,background
Background,background
Background,background
Background,background
Background,background
Background,background
Background,background
Background,background
Background,background
Background,background
Background,background
Background,background
Background,background
Background,background
Background,background
Background,background
Background,background
Background,background
Background,background
Background,background
Background,background
Background,background
Background,background
Background,background
Background,background
Background,background
Background,background
Background,background
Background,background
Background,background
Background,background
Background,background
Background,background
Background,background
Background,background
Background,background
Background,background
Background,background
Background,background
Background,background
Background,background
Background,background
Background,background
Background,background
Background,background
Background,background
Background,background
Background,background
Background,background
Background,background
Background,background
Background,background
Background,background
Background,background
Background,background
Background,background
Background,background
Background,background
Background,background
Background,background
Background,background
Background,background
Background,background
Background,background
Background,background
Background,background
Background,background
Background,background
Background,background
Background,background
Background,background
Background,background
Background,background
Background,background
Background,background
Background,background
Background,background
Background,background
Background,background
Background,background
Background,background
Background,background
Background,background
Background,background
Background,background
Background,background
Background,background
Background,background
Background,background
Background,background
Background,background
Background,background
Background,background
Background,background
Background,background
Background,background
Background,background
Background,background
Background,background
Background,background
Background,background
Background,background
Background,background
Background,background
Background,background
Background,background
Background,background
Background,background
Background,background
Background,background
Background,background
Background,background
Background,background
Background,background
Background,background
Background,background
Background,background
Background,background
Background,background
Background,background
Background,background
Background,background
Background,background
Background,background
Background,background
Background,background
Background,background
Background,background
Background,background
Background,background
Background,background
Background,background
Background,background
Background,background
Background,background
Background,background
Background,background
Background,background
Background,background
Background,background
Background,background
Background,background
Background,background
Background,background
Background,background
Background,background
Background,background
Background,background
Background,background
Background,background
Background,background
Background,background
Background,background
Background,background
Background,background
Background,background
Background,background
Background,background
Background,background
Background,background
Background,background
Background,background
Background,background
Background,background
Background,background
Background,background
Background,background
Background,background
Background,background
Background,background
Background,background
Background,background
Background,background
Background,background
Background,background
Background,background
Background,background
Background,background
Background,background
Background,background
Background,background
Background,background
Background,background
Background,background
Background,background
Background,background
Background,background
Background,background
Background,background
Background,background
Background,background
Background,background
Background,background
Background,background
Background,background
Background,background
Background,background
interaction,background
interaction,background
interaction,background
interaction,background
interaction,background
interaction,background
interaction,background
interaction,background
interaction,background
interaction,background
interaction,background
interaction,background
interaction,background
interaction,background
interaction,background
interaction,background
interaction,background
interaction,background
interaction,background
interaction,background
interaction,background
interaction,background
interaction,background
interaction,background
interaction,background
interaction,background
interaction,background
interaction,background
interaction,background
interaction,background
interaction,background
interaction,background
interaction,background
interaction,background
interaction,background
interaction,background
interaction,background
interaction,background
interaction,interaction
interaction,interaction
interaction,interaction
interaction,interaction
interaction,interaction
interaction,interaction
interaction,interaction
interaction,interaction
interaction,interaction
interaction,interaction
interaction,interaction
interaction,interaction
interaction,interaction
interaction,interaction
interaction,interaction
interaction,interaction
interaction,interaction
interaction,interaction
interaction,interaction
interaction,interaction
interaction,interaction
interaction,interaction
interaction,interaction
interaction,interaction
interaction,interaction
interaction,interaction
interaction,interaction
interaction,interaction
interaction,interaction
interaction,interaction
interaction,interaction
interaction,interaction
interaction,interaction
interaction,interaction
interaction,interaction
interaction,interaction
interaction,interaction
interaction,interaction
interaction,interaction
interaction,interaction
interaction,interaction
interaction,interaction
interaction,interaction
interaction,interaction
interaction,interaction
interaction,interaction
interaction,interaction
interaction,interaction
interaction,interaction
interaction,interaction
interaction,interaction
interaction,interaction
interaction,interaction
interaction,interaction
interaction,interaction
interaction,interaction
interaction,interaction
interaction,interaction
interaction,interaction
interaction,interaction
interaction,interaction
interaction,interaction
interaction,interaction
interaction,interaction
interaction,interaction
interaction,interaction
interaction,interaction
interaction,interaction
interaction,interaction
interaction,interaction
interaction,interaction
interaction,interaction
interaction,interaction
interaction,interaction
Background,interaction
Background,interaction
Background,interaction
Background,interaction
Background,interaction
Background,interaction
Background,interaction
Background,interaction
Background,interaction
Background,interaction
Background,interaction
Background,interaction
Background,interaction
Background,interaction
Background,interaction
Background,interaction
Background,interaction
Background,interaction
Background,interaction
Background,interaction
Background,interaction
Background,interaction
Background,interaction
Background,interaction
Background,interaction
Background,interaction
Background,interaction
Background,interaction
Background,interaction
Background,interaction
Background,interaction
Background,interaction
Background,interaction
Background,interaction
Background,interaction
Background,interaction
Background,interaction
Background,interaction
Background,interaction
Background,interaction
Background,interaction
Background,interaction
Background,interaction
Background,interaction
Background,interaction
Background,interaction
Background,interaction
Background,interaction
Background,interaction
Background,interaction
Background,interaction
Background,interaction
Background,interaction
Background,interaction
Background,interaction
Background,interaction
Background,interaction
Background,interaction
Background,background
Background,background
Background,background
Background,background
Background,background
Background,background
Background,background
Background,background
Background,background
Background,background
Background,background
Background,background
Background,background
Background,background
Background,background
Background,background
Background,background
Background,background
Background,background
Background,background
Background,background
Background,background
Background,background
Background,background
Background,background
Background,background
Background,background
Background,background
Background,background
Background,background
Background,background
Background,background
Background,background
Background,background
Background,background
Background,background
Background,background
Background,background
Background,background
Background,background
Background,background
Background,background
Background,background
posing,background
posing,background
posing,background
posing,background
posing,background
posing,background
posing,background
Background,background
Background,background
Background,background
Background,background
Background,background
Background,background
Background,background
Background,background
Background,background
Background,background
Background,background
Background,background
Background,background
Background,background
Background,background
Background,background
Background,background
Background,background
Background,background
Background,background
Background,background
Background,background
Background,background
Background,background
Background,background
Background,background
Background,background
Background,background
Background,background
Background,background
Background,background
Background,background
Background,background
Background,background
Background,background
Background,background
Background,background
Background,background
Background,interaction
Background,interaction
Background,interaction
Background,interaction
Background,interaction
Background,interaction
Background,interaction
Background,interaction
Background,interaction
Background,interaction
Background,interaction
Background,interaction
Background,interaction
Background,interaction
Background,interaction
Background,interaction
Background,interaction
Background,interaction
Background,interaction
Background,interaction
Background,interaction
Background,interaction
Background,interaction
Background,interaction
Background,interaction
Background,interaction
Background,interaction
Background,interaction
Background,interaction
Background,interaction
Background,interaction
Background,interaction
Background,interaction
Background,interaction
Background,interaction
Background,background
Background,background
Background,background
Background,background
Background,background
Background,background
Background,background
Background,background
Background,background
Background,background
Background,background
Background,background
Background,background
Background,background
Background,background
Background,background
Background,background
Background,background
Background,background
Background,background
Background,background
Background,background
Background,background
Background,background
Background,background
Background,background
Background,background
Background,background
Background,background
Background,background
Background,background
Background,background
Background,background
Background,background
Background,background
Background,background
Background,background
Background,background
Background,background
Background,background
Background,background
Background,background
Background,background
Background,background
Background,background
Background,background
Background,background
Background,background
Background,background
Background,background
Background,background
Background,background
Background,background
Background,background
Background,background
Background,background
Background,background
Background,background
Background,background
Background,background
Background,background
Background,background
Background,background
Background,background
Background,background
Background,background
Background,background
Background,background
Background,background
Background,background
Background,background
Background,background
Background,background
Background,background
Background,background
Background,background
Background,background
Background,background
Background,background
Background,background
Background,background
Background,background
Background,background
Background,background
Background,background
Background,background
Background,background
Background,background
Background,background
Background,background
Background,background
Background,background
Background,background
Background,background
Background,background
Background,background
Background,background
Background,background
Background,background
Background,background
Background,background
Background,background
Background,background
Background,background
Background,background
Background,background
Background,background
Background,background
Background,background
Background,background
Background,background
Background,background
Background,background
Background,background
Background,background
Background,background
Background,background
Background,background
Background,background
Background,background
Background,background
Background,background
Background,background
Background,background
Background,background
Background,background
Background,background
Background,background
Background,background
Background,background
Background,background
Background,background
Background,background
Background,background
Background,background
Background,background
Background,background
Background,background
Background,background
Background,background
Background,background
Background,background
Background,background
Background,background
Background,background
Background,background
Background,background
Background,background
Background,background
Background,background
Background,background
Background,background
Background,background
Background,background
Background,background
Background,background
Background,background
Background,background
Background,background
Background,background
Background,background
Background,background
Background,background
Background,background
Background,background
Background,background
Background,background
Background,background
Background,background
Background,background
Background,background
Background,background
Background,background
Background,background
Background,background
Background,background
Background,background
Background,background
Background,background
Background,background
Background,background
Background,background
Background,background
Background,background
Background,background
Background,background
Background,background
Background,background
Background,background
Background,background
Background,background
Background,background
Background,background
Background,background
Background,background
Background,background
Background,background
Background,background
Background,background
Background,background
Background,background
Background,background
Background,background
Background,background
Background,background
Background,background
Background,background
Background,background
Background,background
Background,background
Background,background
Background,background
Background,background
Background,background
Background,background
Background,background
Background,background
Background,background
Background,background
Background,background
Background,background
Background,background
Background,background
Background,background
Background,background
Background,background
Background,background
Background,background
Background,background
Background,background
Background,background
Background,background
Background,background
Background,background
Background,background
Background,background
Background,background
Background,background
Background,background
Background,background
Background,background
Background,background
Background,background
Background,background
Background,background
Background,background
Background,background
Background,background
Background,background
Background,background
Background,background
Background,background
Background,background
Background,background
Background,background
Background,background
Background,background
Background,background
Background,background
Background,background
Background,background
Background,background
Background,background
Background,background
Background,background
Background,background
Background,background
Background,background
Background,background
Background,background
Background,background
Background,background
Background,background
Background,background
Background,background
Background,background
Background,background
Background,background
Background,background
Background,background
Background,background
Background,background
Background,background
Background,background
Background,background
Background,background
Background,background
Background,background
Background,background
Background,background
Background,background
Background,background
Background,background
Background,background
Background,background
Background,background
Background,background
Background,background
Background,background
Background,background
Background,background
Background,background
Background,background
Background,background
Background,background
Background,background
Background,background
Background,background
Background,background
Background,background
Background,background
Background,background
Background,background
Background,background
Background,background
Background,background
Background,background
Background,background
Background,background
Background,background
Background,background
Background,background
Background,background
Background,background
Background,background
Background,background
Background,background
Background,background
Background,background
Background,background
Background,background
Background,background
Background,background
Background,background
Background,background
Background,background
Background,background
Background,background
Background,background
Background,background
Background,background
Background,background
Background,background
Background,background
Background,background
Background,background
Background,background
Background,background
Background,background
Background,background
Background,background
Background,background
Background,background
Background,background
Background,background
Background,background
Background,background
Background,background
Background,background
Background,background
Background,background
Background,background
Background,background
Background,background
Background,background
Background,background
Background,background
Background,background
Background,background
Background,background
Background,background
Background,background
Background,background
Background,background
Background,background
Background,background
Background,background
Background,background
Background,background
Background,background
Background,background
Background,background
Background,background
Background,background
Background,background
Background,background
Background,background
Background,background
Background,background
Background,background
Background,background
Background,background
Background,background
Background,background
Background,background
Background,background
Background,background
Background,background
Background,background
Background,background
Background,background
Background,background
Background,background
Background,background
Background,background
Background,background
Background,background
Background,background
Background,background
Background,background
Background,background
Background,background
Background,background
Background,background
Background,background
Background,background
Background,background
Background,background
Background,background
Background,background
Background,background
Background,background
Background,background
Background,background
Background,background
Background,background
Background,background
Background,background
Background,background
Background,background
Background,background
Background,background
Background,background
Background,background
Background,background
Background,background
Background,background
Background,background
Background,background
Background,background
Background,background
Background,background
Background,background
Background,background
Background,background
Background,background
Background,background
Background,background
Background,background
Background,background
Background,background
Background,background
Background,background
Background,background
Background,background
Background,background
Background,background
Background,background
Background,background
Background,background
Background,background
Background,background
Background,background
Background,background
Background,background
Background,background
Background,background
Background,background
Background,background
Background,background
Background,background
Background,background
Background,background
Background,background
Background,background
Background,background
Background,background
Background,background
Background,background
Background,background
Background,background
Background,background
Background,background
Background,background
Background,background
Background,background
Background,background
Background,background
Background,background
Background,background
Background,background
Background,background
Background,background
Background,background
Background,background
Background,background
Background,background
Background,background
Background,background
Background,background
Background,background
Background,background
Background,background
Background,background
Background,background
Background,background
Background,background
Background,background
Background,background
Background,background
Background,background
Background,background
Background,background
Background,background
Background,background
Background,background
Background,background
Background,background
Background,background
Background,background
Background,background
Background,background
Background,background
Background,background
Background,background
Background,background
Background,background
Background,background
Background,background
Background,background
Background,background
Background,background
Background,background
Background,background
Background,background
Background,background
Background,background
Background,background
Background,background
Background,background
Background,background
Background,background
Background,background
Background,background
Background,background
Background,background
Background,background
Background,background
Background,background
Background,background
Background,background
Background,background
Background,background
Background,background
Background,background
Background,background
Background,background
Background,background
Background,background
Background,background
Background,background
Background,background
Background,background
Background,background
Background,background
Background,background
Background,background
Background,background
Background,background
Background,background
Background,background
Background,background
Background,background
Background,background
Background,background
Background,background
Background,background
Background,background
Background,background
Background,background
Background,background
Background,background
Background,background
Background,background
Background,background
Background,background
Background,background
Background,background
Background,background
Background,background
Background,background
Background,background
Background,background
Background,background
Background,background
Background,background
Background,background
Background,background
Background,background
Background,background
Background,background
Background,background
Background,background
Background,background
Background,background
Background,background
Background,background
Background,background
Background,background
Background,background
Background,background
Background,background
Background,background
Background,background
Background,background
Background,background
Background,background
Background,background
Background,background
Background,background
Background,background
Background,background
Background,background
Background,background
Background,background
Background,background
Background,background
Background,background
Background,background
Background,background
Background,background
Background,background
Background,background
Background,background
Background,background
Background,background
Background,background
Background,background
Background,background
Background,background
Background,background
Background,background
Background,background
Background,background
Background,background
Background,background
Background,background
Background,background
Background,background
Background,background
Background,background
Background,background
Background,background
Background,background
Background,background
Background,background
Background,background
Background,background
Background,background
Background,background
Background,background
Background,background
Background,background
Background,background
Background,background
Background,background
Background,background
Background,background
Background,background
Background,background
Background,background
Background,background
Background,background
Background,background
Background,background
Background,background
Background,background
Background,background
Background,background
Background,background
Background,background
Background,background
Background,background
Background,background
Background,background
Background,background
Background,background
Background,background
Background,background
Background,background
Background,background
Background,background
Background,background
Background,background
Background,background
Background,background
Background,background
Background,background
Background,background
Background,background
Background,background
Background,background
Background,background
Background,background
Background,background
Background,background
Background,background
Background,background
Background,background
Background,background
Background,background
Background,background
Background,background
Background,background
Background,background
Background,background
Background,background
Background,background
Background,background
Background,background
Background,background
Background,background
Background,background
Background,background
Background,background
Background,background
Background,background
Background,background
Background,background
Background,background
Background,background
Background,background
Background,background
Background,background
Background,background
Background,background
Background,background
Background,background
Background,background
Background,background
Background,background
Background,background
Background,background
Background,background
Background,background
Background,background
Background,background
Background,background
Background,background
Background,background
Background,background
Background,background
Background,background
Background,background
Background,background
Background,background
Background,background
Background,background
Background,background
Background,background
Background,background
Background,background
Background,background
Background,background
Background,background
Background,background
Background,background
Background,background
Background,background
Background,background
Background,background
Background,background
Background,background
Background,background
Background,background
Background,background
Background,background
Background,background
Background,background
Background,background
Background,background
Background,background
Background,background
Background,background
Background,background
Background,background
Background,background
Background,background
Background,background
Background,background
Background,background
Background,background
Background,background
Background,background
Background,background
Background,background
Background,background
Background,background
Background,background
Background,background
Background,background
Background,background
Background,background
Background,background
Background,background
Background,background
Background,background
Background,background
Background,background
Background,background
Background,background
Background,background
Background,background
Background,background
Background,background
Background,background
Background,background
Background,background
Background,background
Background,background
Background,background
Background,background
Background,background
Background,background
Background,background
Background,background
Background,background
Background,background
Background,background
Background,background
Background,background
Background,background
Background,background
Background,background
Background,background
Background,background
Background,background
Background,background
Background,background
Background,background
Background,background
Background,background
Background,background
Background,background
Background,background
Background,background
Background,background
Background,background
Background,background
Background,background
Background,background
Background,background
Background,background
Background,background
Background,background
Background,background
Background,background
Background,background
Background,background
Background,background
Background,background
Background,background
Background,background
Background,background
Background,background
Background,background
Background,background
Background,background
Background,background
Background,background
Background,background
Background,background
Background,background
Background,background
Background,background
Background,background
Background,background
Background,background
Background,background
Background,background
Background,background
Background,background
Background,background
Background,background
Background,background
Background,background
Background,background
Background,background
Background,background
Background,background
Background,background
Background,background
Background,background
Background,background
Background,background
Background,background
Background,background
Background,background
Background,background
Background,background
Background,background
Background,background
Background,background
Background,background
Background,background
Background,background
Background,background
Background,background
Background,background
Background,background
Background,background
Background,background
Background,background
Background,background
Background,background
Background,background
Background,background
Background,background
Background,background
Background,background
Background,background
Background,background
Background,background
Background,background
Background,background
Background,background
Background,background
Background,background
Background,background
Background,background
Background,background
Background,background
Background,background
Background,background
Background,background
Background,background
Background,background
Background,background
Background,background
Background,background
Background,background
Background,background
Background,background
Background,background
Background,background
Background,background
Background,background
Background,background
Background,background
Background,background
Background,background
Background,background
Background,background
Background,background
Background,background
Background,background
Background,background
Background,background
Background,background
Background,background
Background,background
Background,background
Background,background
Background,background
Background,background
Background,background
Background,background
Background,background
Background,background
Background,background
Background,background
Background,background
Background,background
Background,background
Background,background
Background,background
Background,background
Background,background
Background,background
Background,background
Background,background
Background,background
Background,background
Background,background
Background,background
Background,background
Background,background
Background,background
Background,background
Background,background
Background,background
Background,background
Background,background
Background,background
Background,background
Background,background
Background,background
Background,background
Background,background
Background,background
Background,background
Background,background
Background,background
Background,background
Background,background
Background,background
Background,background
Background,background
Background,background
Background,background
Background,background
Background,background
Background,background
Background,background
Background,background
Background,background
Background,background
Background,background
Background,background
Background,background
Background,background
Background,background
Background,background
Background,background
Background,background
Background,background
Background,background
Background,background
Background,background
Background,background
Background,background
Background,background
Background,background
Background,background
Background,background
Background,background
Background,background
Background,background
Background,background
Background,background
Background,background
Background,background
Background,background
Background,background
Background,background
Background,background
Background,background
Background,background
Background,background
Background,background
Background,background
Background,background
Background,background
Background,background
Background,background
Background,background
Background,background
Background,background
Background,background
Background,background
Background,background
Background,background
Background,background
Background,background
Background,background
Background,background
Background,background
Background,background
Background,background
Background,background
Background,background
Background,background
Background,background
Background,background
Background,background
Background,background
Background,background
Background,background
Background,background
Background,background
Background,background
Background,background
Background,background
Background,background
Background,background
Background,background
Background,background
Background,background
Background,background
Background,background
Background,background
Background,background
Background,background
Background,background
Background,background
Background,background
Background,background
Background,background
Background,background
Background,background
Background,background
Background,background
Background,background
Background,background
Background,background
Background,background
Background,background
Background,background
Background,background
Background,background
Background,background
Background,background
Background,background
Background,background
Background,background
Background,background
Background,background
Background,background
Background,background
Background,background
Background,background
Background,background
Background,background
Background,background
Background,background
Background,background
Background,background
Background,background
Background,background
Background,background
Background,background
Background,background
Background,background
Background,background
Background,background
Background,background
Background,background
Background,background
Background,background
Background,background
Background,background
Background,background
Background,background
Background,background
Background,background
Background,background
Background,background
Background,background
Background,background
Background,background
Background,background
Background,background
Background,background
Background,background
Background,background
Background,background
Background,background
Background,background
Background,background
Background,background
Background,background
Background,background
Background,background
Background,background
Background,background
Background,background
Background,background
Background,background
Background,background
Background,background
Background,background
Background,background
Background,background
Background,background
Background,background
Background,background
Background,background
Background,background
Background,background
Background,background
Background,background
Background,background
Background,background
Background,background
Background,background
Background,background
Background,background
Background,background
Background,background
Background,background
Background,background
Background,background
Background,background
Background,background
Background,background
Background,background
Background,background
Background,background
Background,background
Background,background
Background,background
Background,background
Background,background
Background,background
Background,background
Background,background
Background,background
Background,background
Background,background
Background,background
Background,background
Background,background
Background,background
Background,background
Background,background
Background,background
Background,background
Background,background
Background,background
Background,background
Background,background
Background,background
Background,background
Background,background
Background,background
Background,background
Background,background
Background,background
Background,background
Background,background
Background,background
Background,background
Background,background
Background,background
Background,background
Background,background
Background,background
Background,background
Background,background
Background,background
Background,background
Background,background
Background,background
Background,background
Background,background
Background,background
Background,background
Background,background
Background,background
Background,background
Background,background
Background,background
Background,background
Background,background
Background,background
Background,background
Background,background
Background,background
Background,background
Background,background
Background,background
Background,background
Background,background
Background,background
Background,background
Background,background
Background,background
Background,background
Background,background
Background,background
Background,background
Background,background
Background,background
Background,background
Background,background
Background,background
Background,background
Background,background
Background,background
Background,background
Background,background
Background,background
Background,background
Background,background
Background,background
Background,background
Background,background
Background,background
Background,background
Background,background
Background,background
Background,background
Background,background
Background,background
Background,background
Background,background
Background,background
Background,background
Background,background
Background,background
Background,background
Background,background
Background,background
Background,background
Background,background
Background,background
Background,background
Background,background
Background,background
Background,background
Background,background
Background,background
Background,background
Background,background
Background,background
Background,background
Background,background
Background,background
Background,background
Background,background
Background,background
Background,background
Background,background
Background,background
Background,background
Background,background
Background,background
Background,background
Background,background
Background,background
Background,background
Background,background
Background,background
Background,background
Background,background
Background,background
Background,background
Background,background
Background,background
Background,background
Background,background
Background,background
Background,background
Background,background
Background,background
Background,background
Background,background
Background,background
Background,background
Background,background
Background,background
Background,background
Background,background
Background,background
Background,background
Background,background
Background,background
Background,background
Background,background
Background,background
Background,background
Background,background
Background,background
Background,background
Background,background
Background,background
Background,background
Background,background
Background,background
Background,background
Background,background
Background,background
Background,background
Background,background
Background,background
Background,background
Background,background
Background,background
Background,background
Background,background
Background,background
Background,background
Background,background
Background,background
Background,background
Background,background
Background,background
Background,background
Background,background
Background,background
Background,background
Background,background
Background,background
Background,background
Background,background
Background,background
Background,background
Background,background
Background,background
Background,background
Background,background
Background,background
Background,background
Background,background
Background,background
Background,background
Background,background
Background,background
Background,background
Background,background
Background,background
Background,background
Background,background
Background,background
Background,background
Background,background
Background,background
Background,background
Background,background
Background,background
Background,background
Background,background
Background,background
Background,background
Background,background
Background,background
Background,background
Background,background
Background,background
Background,background
Background,background
Background,background
Background,background
Background,background
Background,background
Background,background
Background,background
Background,background
Background,background
Background,background
Background,background
Background,background
Background,background
Background,background
Background,background
Background,background
Background,background
Background,background
Background,background
Background,background
Background,background
Background,background
Background,background
Background,background
Background,background
Background,background
Background,background
Background,background
Background,background
Background,background
Background,background
Background,background
Background,background
Background,background
Background,background
Background,background
Background,background
Background,background
Background,background
Background,background
Background,background
Background,background
Background,background
Background,background
Background,background
Background,background
Background,background
Background,background
Background,background
Background,background
Background,background
Background,background
Background,background
Background,background
Background,background
Background,background
Background,background
Background,background
Background,background
Background,background
Background,background
Background,background
Background,background
Background,background
Background,background
Background,background
Background,background
Background,background
Background,background
Background,background
Background,background
Background,background
Background,background
Background,background
Background,background
Background,background
Background,background
Background,background
Background,background
Background,background
Background,background
Background,background
Background,background
Background,background
Background,background
Background,background
Background,background
Background,background
Background,background
Background,background
Background,background
Background,background
Background,background
Background,background
Background,background
Background,background
Background,background
Background,background
Background,background
Background,background
Background,background
Background,background
Background,background
Background,background
Background,background
Background,background
Background,background
Background,background
Background,background
Background,background
Background,background
Background,background
Background,background
Background,background
Background,background
Background,background
Background,background
Background,background
Background,background
Background,background
Background,background
Background,background
Background,background
Background,background
Background,background
Background,background
Background,background
Background,background
Background,background
Background,background
Background,background
Background,background
Background,background
Background,background
Background,background
Background,background
Background,background
Background,background
Background,background
Background,background
Background,background
Background,background
Background,background
Background,background
Background,background
Background,background
Background,background
Background,background
Background,background
Background,background
Background,background
Background,background
Background,background
Background,background
Background,background
Background,background
Background,background
Background,background
Background,background
Background,background
Background,background
Background,background
Background,background
Background,background
Background,background
Background,background
Background,background
Background,background
Background,background
Background,background
Background,background
Background,background
Background,background
Background,background
Background,background
Background,background
Background,background
Background,background
Background,background
Background,background
Background,background
Background,background
Background,background
Background,background
Background,background
Background,background
Background,background
Background,background
Background,background
Background,background
Background,background
Background,background
Background,background
Background,background
Background,background
Background,background
Background,background
Background,background
Background,background
Background,background
Background,background
Background,background
Background,background
Background,background
Background,background
Background,background
Background,background
Background,background
Background,background
Background,background
Background,background
Background,background
Background,background
Background,background
Background,background
Background,background
Background,background
Background,background
Background,background
Background,background
Background,background
Background,background
Background,background
Background,background
Background,background
Background,background
Background,background
Background,background
Background,background
Background,background
Background,background
Background,background
Background,background
Background,background
Background,background
Background,background
Background,background
Background,background
Background,background
Background,background
Background,background
Background,background
Background,background
Background,background
Background,background
Background,background
Background,background
Background,background
Background,background
Background,background
Background,background
Background,background
Background,background
Background,background
Background,background
Background,background
Background,background
Background,background
Background,background
Background,background
Background,background
Background,background
Background,background
Background,background
Background,background
Background,background
Background,background
Background,background
Background,background
Background,background
Background,background
Background,background
Background,background
Background,background
Background,background
Background,background
Background,background
Background,background
Background,background
Background,background
Background,background
Background,background
Background,background
Background,background
Background,background
Background,background
Background,background
Background,background
Background,background
Background,background
Background,background
Background,background
Background,background
Background,background
Background,background
Background,background
Background,background
Background,background
Background,background
Background,background
Background,background
Background,background
Background,background
Background,background
Background,background
Background,background
Background,background
Background,background
Background,background
Background,background
Background,background
Background,background
Background,background
Background,background
Background,background
Background,background
Background,background
Background,background
Background,background
Background,background
Background,background
Background,background
Background,background
Background,background
Background,background
Background,background
Background,background
Background,background
Background,background
Background,background
Background,background
Background,background
Background,background
Background,background
Background,background
Background,background
Background,background
Background,background
Background,background
Background,background
Background,background
Background,background
Background,background
Background,background
Background,background
Background,background
Background,background
Background,background
Background,background
Background,background
Background,background
Background,background
Background,background
Background,background
Background,background
Background,background
Background,background
Background,background
Background,background
Background,background
Background,background
Background,background
Background,background
Background,background
Background,background
Background,background
Background,background
Background,background
Background,background
Background,background
Background,background
Background,background
Background,background
Background,background
Background,background
Background,background
Background,background
Background,background
Background,background
Background,background
Background,background
Background,background
Background,background
Background,background
Background,background
Background,background
Background,background
Background,background
Background,background
Background,background
Background,background
Background,background
Background,background
Background,background
Background,background
Background,background
Background,background
Background,background
Background,background
Background,background
Background,background
Background,background
Background,background
Background,background
Background,background
Background,background
Background,background
Background,background
Background,background
Background,background
Background,background
Background,background
Background,background
Background,background
Background,background
Background,background
Background,background
Background,background
Background,background
Background,background
Background,background
Background,background
Background,background
Background,background
Background,background
Background,background
Background,background
Background,background
Background,background
Background,background
Background,background
Background,background
Background,background
Background,background
Background,background
Background,background
Background,background
Background,background
Background,background
Background,background
Background,background
Background,background
Background,background
Background,background
Background,background
Background,background
Background,background
Background,background
Background,background
Background,background
Background,background
Background,background
Background,background
Background,background
Background,background
Background,background
Background,background
Background,background
Background,background
Background,background
Background,background
Background,background
Background,background
Background,background
Background,background
Background,background
Background,background
Background,background
Background,background
Background,background
Background,background
Background,background
Background,background
Background,background
Background,background
Background,background
Background,background
Background,background
Background,background
Background,background
Background,background
Background,background
Background,background
Background,background
Background,background
Background,background
Background,background
Background,background
Background,background
Background,background
Background,background
Background,background
Background,background
Background,background
Background,background
Background,background
Background,background
Background,background
Background,background
Background,background
Background,background
Background,background
Background,background
Background,background
Background,background
Background,background
Background,background
Background,background
Background,background
Background,background
Background,background
Background,background
Background,background
Background,background
Background,background
Background,background
Background,background
Background,background
Background,background
Background,background
Background,background
Background,background
Background,background
Background,background
Background,background
Background,background
Background,background
Background,background
Background,background
Background,background
Background,background
Background,background
Background,background
Background,background
Background,background
Background,background
Background,background
Background,background
Background,background
Background,background
Background,background
Background,background
Background,background
Background,background
Background,background
Background,background
Background,background
Background,background
Background,background
Background,background
Background,background
Background,background
Background,background
Background,background
Background,background
Background,background
Background,background
Background,background
Background,background
Background,background
Background,background
Background,background
Background,background
Background,background
Background,background
Background,background
Background,background
Background,background
Background,background
Background,background
Background,background
Background,background
Background,background
Background,background
Background,background
Background,background
Background,background
Background,background
Background,background
Background,background
Background,background
Background,background
Background,background
Background,background
Background,background
Background,background
Background,background
Background,background
Background,background
Background,background
Background,background
Background,background
Background,background
Background,background
Background,background
Background,background
Background,background
Background,background
Background,background
Background,background
Background,background
Background,background
Background,background
Background,background
Background,background
Background,background
Background,background
Background,background
Background,background
Background,background
Background,background
Background,background
Background,background
Background,background
Background,background
Background,background
Background,background
Background,background
Background,background
Background,background
Background,background
Background,background
Background,background
Background,background
Background,background
Background,background
Background,background
Background,background
Background,background
Background,background
Background,background
Background,background
Background,background
Background,background
Background,background
Background,background
Background,background
Background,background
Background,background
Background,background
Background,background
Background,background
Background,background
Background,background
Background,background
Background,background
Background,background
Background,background
Background,background
Background,background
Background,background
Background,background
Background,background
Background,background
Background,background
Background,background
Background,background
Background,background
Background,background
Background,background
Background,background
Background,background
Background,background
Background,background
Background,background
Background,background
Background,background
Background,background
Background,background
Background,background
Background,background
Background,background
Background,background
Background,background
Background,background
Background,background
Background,background
Background,background
Background,background
Background,background
Background,background
Background,background
Background,background
Background,background
Background,background
Background,background
Background,background
Background,background
Background,background
Background,background
Background,background
Background,background
Background,background
Background,background
Background,background
Background,background
Background,background
Background,background
Background,background
Background,background
Background,background
Background,background
Background,background
Background,background
Background,background
Background,background
Background,background
Background,background
Background,background
Background,background
Background,background
Background,background
Background,background
Background,background
Background,background
Background,background
Background,background
Background,background
Background,background
Background,background
Background,background
Background,background
Background,background
Background,background
Background,background
Background,background
Background,background
Background,background
Background,background
Background,background
Background,background
Background,background
Background,background
Background,background
Background,background
Background,background
Background,background
Background,background
Background,background
Background,background
Background,background
Background,background
Background,background
Background,background
Background,background
Background,background
Background,background
Background,background
Background,background
Background,background
Background,background
Background,background
Background,background
Background,background
Background,background
Background,background
Background,background
Background,background
Background,background
Background,background
Background,background
Background,background
Background,background
Background,background
Background,background
Background,background
Background,background
Background,background
Background,background
Background,background
Background,background
Background,background
Background,background
Background,background
Background,background
Background,background
Background,background
Background,background
Background,background
Background,background
Background,background
Background,background
Background,background
Background,background
Background,background
Background,background
Background,background
Background,background
Background,background
Background,background
Background,background
Background,background
Background,background
Background,background
Background,background
Background,background
Background,background
Background,background
Background,background
Background,background
Background,background
Background,background
Background,background
Background,background
Background,background
Background,background
Background,background
Background,background
Background,background
Background,background
Background,background
Background,background
Background,background
Background,background
Background,background
Background,background
Background,background
Background,background
Background,background
Background,background
Background,background
Background,background
Background,background
Background,background
Background,background
Background,background
Background,background
Background,background
Background,background
Background,background
Background,background
Background,background
Background,background
Background,background
Background,background
Background,background
Background,background
Background,background
Background,background
Background,background
Background,background
Background,background
Background,background
Background,background
Background,background
Background,background
Background,background
Background,background
Background,background
Background,background
Background,background
Background,background
Background,background
Background,background
Background,background
Background,background
Background,background
Background,background
Background,background
Background,background
Background,background
Background,background
Background,background
Background,background
Background,background
Background,background
Background,background
Background,background
Background,background
Background,background
Background,background
Background,background
Background,background
Background,background
Background,background
Background,background
Background,background
Background,background
Background,background
Background,background
Background,background
Background,background
Background,background
Background,background
Background,background
Background,background
Background,background
Background,background
Background,background
Background,background
Background,background
Background,background
Background,background
Background,background
Background,background
Background,background
Background,background
Background,background
Background,background
Background,background
Background,background
Background,background
Background,background
Background,background
Background,background
Background,background
Background,background
Background,background
Background,background
Background,background
Background,background
Background,background
Background,background
Background,background
Background,background
Background,background
Background,background
Background,background
Background,background
Background,background
Background,background
Background,background
Background,background
Background,background
Background,background
Background,background
Background,background
Background,background
Background,background
Background,background
Background,background
Background,background
Background,background
Background,background
Background,background
Background,background
Background,background
Background,background
Background,background
Background,background
Background,background
Background,background
Background,background
Background,background
Background,background
Background,background
Background,background
Background,background
Background,background
Background,background
Background,background
Background,background
Background,background
Background,background
Background,background
Background,background
Background,background
Background,background
Background,background
Background,background
Background,background
Background,background
Background,background
Background,background
Background,background
Background,background
Background,background
Background,background
Background,background
Background,background
Background,background
Background,background
Background,background
Background,background
Background,background
Background,background
Background,background
Background,background
Background,background
Background,background
Background,background
Background,background
Background,background
Background,background
Background,background
Background,background
Background,background
Background,background
Background,background
Background,background
Background,background
Background,background
Background,background
Background,background
Background,background
Background,background
Background,background
Background,background
Background,background
Background,background
Background,background
Background,background
Background,background
Background,background
Background,background
Background,background
Background,background
Background,background
Background,background
Background,background
Background,background
Background,background
Background,background
Background,background
Background,background
Background,background
Background,background
Background,background
Background,background
Background,background
Background,background
Background,background
Background,background
Background,background
Background,background
Background,background
Background,background
Background,background
Background,background
Background,background
Background,background
Background,background
Background,background
Background,background
Background,background
Background,background
Background,background
Background,background
Background,background
Background,background
Background,background
Background,background
Background,background
Background,background
Background,background
Background,background
Background,background
Background,background
Background,background
Background,background
Background,background
Background,background
Background,background
Background,background
Background,background
Background,background
Background,background
Background,background
Background,background
Background,background
Background,background
Background,background
Background,background
Background,background
Background,background
Background,background
Background,background
Background,background
Background,background
Background,background
Background,background
Background,background
Background,background
Background,background
Background,background
Background,background
Background,background
Background,background
Background,background
Background,background
Background,background
Background,background
Background,background
Background,background
Background,background
Background,background
Background,background
Background,background
Background,background
Background,background
Background,background
Background,background
Background,background
Background,background
Background,background
Background,background
Background,background
Background,background
Background,background
Background,background
Background,background
Background,background
Background,background
Background,background
Background,background
Background,background
Background,background
Background,background
Background,background
Background,background
Background,background
Background,background
Background,background
Background,background
Background,background
Background,background
Background,background
Background,background
Background,background
Background,background
Background,background
Background,background
Background,background
Background,background
Background,background
Background,background
Background,background
Background,background
Background,background
Background,background
Background,background
Background,background
Background,background
Background,background
Background,background
Background,background
Background,background
Background,background
Background,background
Background,background
Background,background
Background,background
Background,background
Background,background
Background,background
Background,background
Background,background
Background,background
Background,background
Background,background
Background,background
Background,background
Background,background
Background,background
Background,background
Background,background
Background,background
Background,background
Background,background
Background,background
Background,background
Background,background
Background,background
Background,background
Background,background
Background,background
Background,background
Background,background
Background,background
Background,background
Background,background
Background,background
Background,background
Background,background
Background,background
Background,background
Background,background
Background,background
Background,background
Background,background
Background,background
Background,background
Background,background
Background,background
Background,background
Background,background
Background,background
Background,background
Background,background
Background,background
Background,background
Background,background
Background,background
Background,background
Background,background
Background,background
Background,background
Background,background
Background,background
Background,background
Background,background
Background,background
Background,background
Background,background
Background,background
Background,background
Background,background
Background,background
Background,background
Background,background
Background,background
Background,background
Background,background
Background,background
Background,background
Background,background
Background,background
Background,background
Background,background
Background,background
Background,background
Background,background
Background,background
Background,background
Background,background
Background,background
Background,background
Background,background
Background,background
Background,background
Background,background
Background,background
Background,background
Background,background
Background,background
Background,background
Background,background
Background,background
Background,background
Background,background
Background,background
Background,background
Background,background
Background,background
Background,background
Background,background
Background,background
Background,background
Background,background
Background,background
Background,background
Background,background
Background,background
Background,background
Background,background
Background,background
Background,background
Background,background
Background,background
Background,background
Background,background
Background,background
Background,background
Background,background
Background,background
Background,background
Background,background
Background,background
Background,background
Background,background
Background,background
Background,background
Background,background
Background,background
Background,background
Background,background
Background,background
Background,background
Background,background
Background,background
Background,background
Background,background
Background,background
Background,background
Background,background
Background,background
Background,background
Background,background
Background,background
Background,background
Background,background
Background,background
Background,background
Background,background
Background,background
Background,background
Background,background
Background,background
Background,background
Background,background
Background,background
Background,background
Background,background
Background,background
Background,background
Background,background
Background,background
Background,background
Background,background
Background,background
Background,background
Background,background
Background,background
Background,background
Background,background
Background,background
Background,background
Background,background
Background,background
Background,background
Background,background
Background,background
Background,background
Background,background
Background,background
Background,background
Background,background
Background,background
Background,background
Background,background
Background,background
Background,background
Background,background
Background,background
Background,background
Background,background
Background,background
Background,background
Background,background
Background,background
Background,background
Background,background
Background,background
Background,background
Background,background
Background,background
Background,background
Background,background
Background,background
Background,background
Background,background
Background,background
Background,background
Background,background
Background,background
Background,background
Background,background
Background,background
Background,background
Background,background
Background,background
Background,background
Background,background
Background,background
Background,background
Background,background
Background,background
Background,background
Background,background
Background,background
Background,background
Background,background
Background,background
Background,background
Background,background
Background,background
Background,background
Background,background
Background,background
Background,background
Background,background
Background,background
Background,background
Background,background
Background,background
Background,background
Background,background
Background,background
Background,background
Background,background
Background,background
Background,background
Background,background
Background,background
Background,background
Background,background
Background,background
Background,background
Background,background
Background,background
Background,background
Background,background
Background,background
Background,background
Background,background
Background,background
Background,background
Background,background
Background,background
Background,background
Background,background
Background,background
Background,background
Background,background
Background,background
Background,background
Background,background
Background,background
Background,background
Background,background
Background,background
Background,background
Background,background
Background,background
Background,background
Background,background
Background,background
Background,background
Background,background
Background,background
Background,background
Background,background
Background,background
Background,background
Background,background
Background,background
Background,background
Background,background
Background,background
Background,background
Background,background
Background,background
Background,background
Background,background
Background,background
Background,background
Background,background
Background,background
Background,background
Background,background
Background,background
Background,background
Background,background
Background,background
Background,background
Background,background
Background,background
Background,background
Background,background
Background,background
Background,background
Background,background
Background,background
Background,background
Background,background
Background,background
Background,background
Background,background
Background,background
Background,background
Background,background
Background,background
Background,background
Background,background
Background,background
Background,background
Background,background
Background,background
Background,background
Background,background
Background,background
Background,background
Background,background
Background,background
Background,background
Background,background
Background,background
Background,background
Background,background
Background,background
Background,background
Background,background
Background,background
Background,background
Background,background
Background,background
Background,background
Background,background
Background,background
Background,background
Background,background
Background,background
Background,background
Background,background
Background,background
Background,background
Background,background
Background,background
Background,background
Background,background
Background,background
Background,background
Background,background
Background,background
Background,background
Background,background
Background,background
Background,background
Background,background
Background,background
Background,background
Background,background
Background,background
Background,background
Background,background
Background,background
Background,background
Background,background
Background,background
Background,background
Background,background
Background,background
Background,background
Background,background
Background,background
Background,background
Background,background
Background,background
Background,background
Background,background
Background,background
Background,background
Background,background
Background,background
Background,background
Background,background
Background,background
Background,background
Background,background
Background,background
Background,background
Background,background
Background,background
Background,background
Background,background
Background,background
Background,background
Background,background
Background,background
Background,background
Background,background
Background,background
Background,background
Background,background
Background,background
Background,background
Background,background
Background,background
Background,background
Background,background
Background,background
Background,background
Background,background
Background,background
Background,background
Background,background
Background,background
Background,background
Background,background
Background,background
Background,background
Background,background
Background,background
Background,background
Background,background
Background,background
Background,background
Background,background
Background,background
Background,background
Background,background
Background,background
Background,background
Background,background
Background,background
Background,background
Background,background
Background,background
Background,background
Background,background
Background,background
Background,background
Background,background
Background,background
Background,background
Background,background
Background,background
Background,background
Background,background
Background,background
Background,background
Background,background
Background,background
Background,background
Background,background
Background,background
Background,background
Background,background
Background,background
Background,background
Background,background
Background,background
Background,background
Background,background
Background,background
Background,background
Background,background
Background,background
Background,background
Background,background
Background,background
Background,background
Background,background
Background,background
Background,background
Background,background
Background,background
Background,background
Background,background
Background,background
Background,background
Background,background
Background,background
Background,background
Background,background
Background,background
Background,background
Background,background
Background,background
Background,background
Background,background
Background,background
Background,background
Background,background
Background,background
Background,background
Background,background
Background,background
Background,background
Background,background
Background,background
Background,background
Background,background
Background,background
Background,background
Background,background
Background,background
Background,background
Background,background
Background,background
Background,background
Background,background
Background,background
Background,background
Background,background
Background,background
Background,background
Background,background
Background,background
Background,background
Background,background
Background,background
Background,background
Background,background
Background,background
Background,background
Background,background
Background,background
Background,background
Background,background
Background,background
Background,background
Background,background
Background,background
Background,background
Background,background
Background,background
Background,background
Background,background
Background,background
Background,background
Background,background
Background,background
Background,background
Background,background
Background,background
Background,background
Background,background
Background,background
Background,background
Background,background
Background,background
Background,background
Background,background
Background,background
Background,background
Background,background
Background,background
Background,background
Background,background
Background,background
Background,background
Background,background
Background,background
Background,background
Background,background
Background,background
Background,background
Background,background
Background,background
Background,background
Background,background
Background,background
Background,background
Background,background
Background,background
Background,background
Background,background
Background,background
Background,background
Background,background
Background,background
Background,background
Background,background
Background,background
Background,background
Background,background
Background,background
Background,background
Background,background
Background,background
Background,background
Background,background
Background,background
Background,background
Background,background
Background,background
Background,background
Background,background
Background,background
Background,background
Background,background
Background,background
Background,background
Background,background
Background,background
Background,background
Background,background
Background,background
Background,background
Background,background
Background,background
Background,background
Background,background
Background,background
Background,background
Background,background
Background,background
Background,background
Background,background
Background,background
Background,background
Background,background
Background,background
Background,background
Background,background
Background,background
Background,background
Background,background
Background,background
Background,background
Background,background
Background,background
Background,background
Background,background
Background,background
Background,background
Background,background
Background,background
Background,background
Background,background
Background,background
Background,background
Background,background
Background,background
Background,background
Background,background
Background,background
Background,background
Background,background
Background,background
Background,background
Background,background
Background,background
Background,background
Background,background
Background,background
Background,background
Background,background
Background,background
Background,background
Background,background
Background,background
Background,background
Background,background
Background,background
Background,background
Background,background
Background,background
Background,background
Background,background
Background,background
Background,background
Background,background
Background,background
Background,background
Background,background
Background,background
Background,background
Background,background
Background,background
Background,background
Background,background
Background,background
Background,background
Background,background
Background,background
Background,background
Background,background
Background,background
Background,background
Background,background
Background,background
Background,background
Background,background
Background,background
Background,background
Background,background
Background,background
Background,background
Background,background
Background,background
Background,background
Background,background
Background,background
Background,background
Background,background
Background,background
Background,background
Background,background
Background,background
Background,background
Background,background
Background,background
Background,background
Background,background
Background,background
Background,background
Background,background
Background,background
Background,background
Background,background
Background,background
Background,background
Background,background
Background,background
Background,background
Background,background
Background,background
Background,background
Background,background
Background,background
Background,background
Background,background
Background,background
Background,background
Background,background
Background,background
Background,background
Background,background
Background,background
Background,background
Background,background
Background,background
Background,background
Background,background
Background,background
Background,background
Background,background
Background,background
Background,background
Background,background
Background,background
Background,background
Background,background
Background,background
Background,background
Background,background
Background,background
Background,background
Background,background
Background,background
Background,background
Background,background
Background,background
Background,background
Background,background
Background,background
Background,background
Background,background
Background,background
Background,background
Background,background
Background,background
Background,background
Background,background
Background,background
Background,background
Background,background
Background,background
Background,background
Background,background
Background,background
Background,background
Background,background
Background,background
Background,background
Background,background
Background,background
Background,background
Background,background
Background,background
Background,background
Background,background
Background,background
Background,background
Background,background
Background,background
Background,background
Background,background
Background,background
Background,background
Background,background
Background,background
Background,background
Background,background
Background,background
Background,background
Background,background
Background,background
Background,background
Background,background
Background,background
Background,background
Background,background
Background,background
Background,background
Background,background
Background,background
Background,background
Background,background
Background,background
Background,background
Background,background
Background,background
Background,background
Background,background
Background,background
Background,background
Background,background
Background,background
Background,background
Background,background
Background,background
Background,background
Background,background
Background,background
Background,background
Background,background
Background,background
Background,background
Background,background
Background,background
Background,background
Background,background
Background,background
Background,background
Background,background
Background,background
Background,background
Background,background
Background,background
Background,background
Background,background
Background,background
Background,background
Background,background
Background,background
Background,background
Background,background
Background,background
Background,background
Background,background
Background,background
Background,background
Background,background
Background,background
Background,background
Background,background
Background,background
Background,background
Background,background
Background,background
Background,background
Background,background
Background,background
Background,background
Background,background
Background,background
Background,background
Background,background
Background,background
Background,background
Background,background
Background,background
Background,background
Background,background
Background,background
Background,background
Background,background
Background,background
Background,background
Background,background
Background,background
Background,background
Background,background
Background,background
Background,background
Background,background
Background,background
Background,background
Background,background
Background,background
Background,background
Background,background
Background,background
Background,background
Background,background
Background,background
Background,background
Background,background
Background,background
Background,background
Background,background
Background,background
Background,background
Background,background
Background,background
Background,background
Background,background
Background,background
Background,background
Background,background
Background,background
Background,background
Background,background
Background,background
Background,background
Background,background
Background,background
Background,background
Background,background
Background,background
Background,background
Background,background
Background,background
Background,background
Background,background
Background,background
Background,background
Background,background
Background,background
Background,background
Background,background
Background,background
Background,background
Background,background
Background,background
Background,background
Background,background
Background,background
Background,background
Background,background
Background,background
Background,background
Background,background
Background,background
Background,background
Background,background
Background,background
Background,background
Background,background
Background,background
Background,background
Background,background
Background,background
Background,background
Background,background
Background,background
Background,background
Background,background
Background,background
Background,background
Background,background
Background,background
Background,background
Background,background
Background,background
Background,background
Background,background
Background,background
Background,background
Background,background
Background,background
Background,background
Background,background
Background,background
Background,background
Background,background
Background,background
Background,background
Background,background
Background,background
Background,background
Background,background
Background,background
Background,background
Background,background
Background,background
Background,background
Background,background
Background,background
Background,background
Background,background
Background,background
Background,background
Background,background
Background,background
Background,background
Background,background
Background,background
Background,background
Background,background
Background,background
Background,background
Background,background
Background,background
Background,background
Background,background
Background,background
Background,background
Background,background
Background,background
Background,background
Background,background
Background,background
Background,background
Background,background
Background,background
Background,background
Background,background
Background,background
Background,background
Background,background
Background,background
Background,background
Background,background
Background,background
Background,background
Background,background
Background,background
Background,background
Background,background
Background,background
Background,background
Background,background
Background,background
Background,background
Background,background
Background,background
Background,background
Background,background
Background,background
Background,background
Background,background
Background,background
Background,background
Background,background
Background,background
Background,background
Background,background
Background,background
Background,background
Background,background
Background,background
Background,background
Background,background
Background,background
Background,background
Background,background
Background,background
Background,background
Background,background
Background,background
Background,background
Background,background
Background,background
Background,background
Background,background
Background,background
Background,background
Background,background
Background,background
Background,background
Background,background
Background,background
Background,background
Background,background
Background,background
Background,background
Background,background
Background,background
Background,background
Background,background
Background,background
Background,background
Background,background
Background,background
Background,background
Background,background
Background,background
Background,background
Background,background
Background,background
Background,background
Background,background
Background,background
Background,background
Background,background
Background,background
Background,background
Background,background
Background,background
Background,background
Background,background
Background,background
Background,background
Background,background
Background,background
Background,background
Background,background
Background,background
Background,background
Background,background
Background,background
Background,background
Background,background
Background,background
Background,background
Background,background
Background,background
Background,background
Background,background
Background,background
Background,background
Background,background
Background,background
Background,background
Background,background
Background,background
Background,background
Background,background
Background,background
Background,background
Background,background
Background,background
Background,background
Background,background
Background,background
Background,background
Background,background
Background,background
Background,background
Background,background
Background,background
Background,background
Background,background
Background,background
Background,background
Background,background
Background,background
Background,background
Background,background
Background,background
Background,background
Background,background
Background,background
Background,background
Background,background
Background,background
Background,background
Background,background
Background,background
Background,background
Background,background
Background,background
Background,background
Background,background
Background,background
Background,background
Background,background
Background,background
Background,background
Background,background
Background,background
Background,background
Background,background
Background,background
Background,background
Background,background
Background,background
Background,background
Background,background
Background,background
Background,background
Background,background
Background,background
Background,background
Background,background
Background,background
Background,background
Background,background
Background,background
Background,background
Background,background
Background,background
Background,background
Background,background
Background,background
Background,background
Background,background
Background,background
Background,background
Background,background
Background,background
Background,background
Background,background
Background,background
Background,background
Background,background
Background,background
Background,background
Background,background
Background,background
Background,background
Background,background
Background,background
Background,background
Background,background
Background,background
Background,background
Background,background
Background,background
Background,background
Background,background
Background,background
Background,background
Background,background
Background,background
Background,background
Background,background
Background,background
Background,background
Background,background
Background,background
Background,background
Background,background
Background,background
Background,background
Background,background
Background,background
Background,background
Background,background
Background,background
Background,background
Background,background
Background,background
Background,background
Background,background
Background,background
Background,background
Background,background
Background,background
Background,background
Background,background
Background,background
Background,background
Background,background
Background,background
Background,background
Background,background
Background,background
Background,background
Background,background
Background,background
Background,background
Background,background
Background,background
Background,background
Background,background
Background,background
Background,background
Background,background
Background,background
Background,background
Background,background
Background,background
Background,background
Background,background
Background,background
Background,background
Background,background
Background,background
Background,background
Background,background
Background,background
Background,background
Background,background
Background,background
Background,background
Background,background
Background,background
Background,background
Background,background
Background,background
Background,background
Background,background
Background,background
Background,background
Background,background
Background,background
Background,background
Background,background
Background,background
Background,background
Background,background
Background,background
Background,background
Background,background
Background,background
Background,background
Background,background
Background,background
Background,background
Background,background
Background,background
Background,background
Background,background
Background,background
Background,background
Background,background
Background,background
Background,background
Background,background
Background,background
Background,background
Background,background
Background,background
Background,background
Background,background
Background,background
Background,background
Background,background
Background,background
Background,background
Background,background
Background,background
Background,background
Background,background
Background,background
Background,background
Background,background
Background,background
Background,background
Background,background
Background,background
Background,background
Background,background
Background,background
Background,background
Background,background
Background,background
Background,background
Background,background
Background,background
Background,background
Background,background
Background,background
Background,background
Background,background
Background,background
Background,background
Background,background
Background,background
Background,background
Background,background
Background,background
Background,background
Background,background
Background,background
Background,background
Background,background
Background,background
Background,background
Background,background
Background,background
Background,background
Background,background
Background,background
Background,background
Background,background
Background,background
Background,background
Background,background
Background,background
Background,background
Background,background
Background,background
Background,background
Background,background
Background,background
Background,background
Background,background
Background,background
Background,background
Background,background
Background,background
Background,background
Background,background
Background,background
Background,background
Background,background
Background,background
Background,background
Background,background
Background,background
Background,background
Background,background
Background,background
Background,background
Background,background
Background,background
Background,background
Background,background
Background,background
Background,background
Background,background
Background,background
Background,background
Background,background
Background,background
Background,background
Background,background
Background,background
Background,background
Background,background
Background,background
Background,background
Background,background
Background,background
Background,background
Background,background
Background,background
Background,background
Background,background
Background,background
Background,background
Background,background
Background,background
Background,background
Background,background
Background,background
Background,background
Background,background
Background,background
Background,background
Background,background
Background,background
Background,background
Background,background
Background,background
Background,background
Background,background
Background,background
Background,background
Background,background
Background,background
Background,background
Background,background
Background,background
Background,background
Background,background
Background,background
Background,background
Background,background
Background,background
Background,background
Background,background
Background,background
Background,background
Background,background
Background,background
Background,background
Background,background
Background,background
Background,background
Background,background
Background,background
Background,background
Background,background
Background,background
Background,interaction
Background,interaction
Background,interaction
Background,interaction
Background,interaction
Background,interaction
Background,interaction
Background,interaction
Background,interaction
Background,interaction
Background,interaction
Background,interaction
Background,interaction
Background,interaction
Background,interaction
Background,interaction
Background,interaction
Background,interaction
Background,interaction
Background,interaction
Background,interaction
Background,interaction
Background,interaction
Background,interaction
Background,interaction
Background,interaction
Background,interaction
Background,interaction
Background,interaction
Background,interaction
Background,interaction
Background,interaction
Background,interaction
Background,interaction
Background,interaction
Background,interaction
Background,interaction
Background,interaction
Background,interaction
Background,interaction
Background,interaction
Background,interaction
Background,interaction
Background,interaction
Background,interaction
Background,interaction
Background,interaction
Background,interaction
Background,interaction
Background,interaction
Background,interaction
Background,interaction
Background,interaction
Background,interaction
Background,interaction
Background,interaction
Background,interaction
Background,interaction
Background,interaction
Background,interaction
Background,interaction
Background,interaction
Background,interaction
Background,interaction
Background,interaction
Background,interaction
Background,interaction
Background,interaction
Background,interaction
Background,interaction
Background,interaction
Background,interaction
Background,interaction
Background,interaction
Background,interaction
Background,interaction
Background,interaction
Background,interaction
Background,interaction
Background,interaction
Background,interaction
Background,interaction
Background,interaction
Background,interaction
Background,interaction
Background,interaction
Background,interaction
Background,interaction
Background,interaction
Background,interaction
Background,interaction
Background,interaction
Background,interaction
Background,interaction
Background,interaction
Background,interaction
Background,interaction
Background,interaction
Background,interaction
Background,interaction
Background,interaction
Background,interaction
Background,interaction
Background,interaction
Background,interaction
Background,interaction
Background,interaction
Background,interaction
Background,interaction
Background,interaction
Background,interaction
Background,interaction
Background,interaction
Background,interaction
Background,interaction
Background,interaction
Background,interaction
Background,interaction
Background,interaction
Background,interaction
Background,interaction
Background,interaction
Background,interaction
Background,interaction
Background,interaction
Background,interaction
Background,interaction
Background,interaction
Background,interaction
Background,interaction
Background,interaction
Background,interaction
Background,interaction
Background,interaction
Background,interaction
Background,interaction
Background,interaction
Background,interaction
Background,interaction
Background,interaction
Background,interaction
Background,interaction
Background,interaction
Background,interaction
Background,interaction
Background,interaction
Background,interaction
Background,interaction
Background,interaction
Background,interaction
Background,interaction
Background,interaction
Background,interaction
Background,interaction
Background,interaction
Background,interaction
Background,interaction
Background,interaction
Background,interaction
Background,interaction
Background,interaction
Background,interaction
Background,interaction
Background,interaction
Background,interaction
Background,interaction
Background,interaction
Background,interaction
Background,interaction
Background,interaction
Background,interaction
Background,interaction
Background,interaction
Background,interaction
Background,interaction
Background,interaction
Background,interaction
Background,interaction
Background,interaction
Background,interaction
Background,interaction
Background,interaction
Background,interaction
Background,interaction
Background,interaction
Background,interaction
Background,interaction
Background,interaction
Background,interaction
Background,interaction
Background,interaction
Background,interaction
Background,interaction
Background,interaction
Background,interaction
Background,interaction
Background,interaction
Background,interaction
Background,interaction
Background,interaction
Background,interaction
Background,interaction
Background,interaction
Background,interaction
Background,interaction
Background,interaction
Background,interaction
Background,interaction
Background,interaction
Background,interaction
Background,interaction
Background,interaction
Background,interaction
Background,interaction
Background,interaction
Background,interaction
Background,interaction
Background,interaction
Background,interaction
Background,interaction
Background,interaction
Background,interaction
Background,interaction
Background,interaction
Background,interaction
Background,interaction
Background,interaction
Background,interaction
Background,interaction
Background,interaction
Background,interaction
Background,interaction
Background,interaction
Background,interaction
Background,interaction
Background,interaction
Background,interaction
Background,interaction
Background,interaction
Background,interaction
Background,interaction
Background,interaction
Background,interaction
Background,interaction
Background,interaction
Background,interaction
Background,interaction
Background,interaction
Background,interaction
Background,interaction
Background,interaction
Background,interaction
Background,interaction
Background,interaction
Background,interaction
Background,interaction
Background,interaction
Background,interaction
Background,interaction
Background,interaction
Background,interaction
Background,interaction
Background,interaction
Background,interaction
Background,interaction
Background,interaction
Background,interaction
Background,interaction
Background,interaction
Background,interaction
Background,interaction
Background,interaction
Background,interaction
Background,interaction
Background,interaction
Background,interaction
Background,interaction
Background,interaction
Background,interaction
Background,interaction
Background,interaction
Background,interaction
Background,interaction
Background,interaction
Background,interaction
Background,interaction
Background,interaction
Background,interaction
Background,interaction
Background,interaction
Background,interaction
Background,interaction
Background,interaction
Background,interaction
Background,interaction
Background,interaction
Background,interaction
Background,interaction
Background,interaction
Background,interaction
Background,interaction
Background,interaction
Background,interaction
Background,interaction
Background,interaction
Background,interaction
Background,interaction
Background,interaction
Background,interaction
Background,interaction
Background,interaction
Background,interaction
Background,interaction
Background,interaction
Background,interaction
Background,interaction
Background,interaction
Background,interaction
Background,interaction
Background,interaction
Background,interaction
Background,interaction
Background,interaction
Background,interaction
Background,interaction
Background,interaction
Background,interaction
Background,interaction
Background,interaction
Background,interaction
Background,interaction
Background,interaction
Background,interaction
Background,interaction
Background,interaction
Background,interaction
Background,interaction
Background,interaction
Background,interaction
Background,interaction
Background,interaction
Background,interaction
Background,interaction
Background,interaction
Background,interaction
Background,interaction
Background,interaction
Background,interaction
Background,interaction
Background,interaction
Background,interaction
Background,interaction
Background,interaction
Background,interaction
Background,interaction
Background,interaction
Background,interaction
Background,interaction
Background,interaction
Background,interaction
Background,interaction
Background,interaction
Background,interaction
Background,interaction
Background,interaction
Background,interaction
Background,interaction
Background,interaction
Background,interaction
Background,interaction
Background,interaction
Background,interaction
Background,interaction
Background,interaction
Background,interaction
Background,interaction
Background,interaction
Background,interaction
Background,interaction
Background,interaction
Background,interaction
Background,interaction
Background,interaction
Background,interaction
Background,interaction
Background,interaction
Background,interaction
Background,interaction
Background,interaction
Background,interaction
Background,interaction
Background,interaction
Background,interaction
Background,interaction
Background,interaction
Background,interaction
Background,interaction
Background,interaction
Background,interaction
Background,interaction
Background,interaction
Background,interaction
Background,interaction
Background,interaction
Background,interaction
Background,interaction
Background,interaction
Background,interaction
Background,interaction
Background,interaction
Background,interaction
Background,interaction
Background,interaction
Background,interaction
Background,interaction
Background,interaction
Background,interaction
Background,interaction
Background,interaction
Background,interaction
Background,interaction
Background,interaction
Background,interaction
Background,interaction
Background,interaction
Background,interaction
Background,interaction
Background,interaction
Background,interaction
Background,interaction
Background,interaction
Background,interaction
Background,interaction
Background,interaction
Background,interaction
Background,interaction
Background,interaction
Background,interaction
Background,interaction
Background,interaction
Background,interaction
Background,interaction
Background,interaction
Background,interaction
Background,interaction
Background,interaction
Background,interaction
Background,interaction
Background,interaction
Background,interaction
Background,interaction
Background,interaction
Background,interaction
Background,interaction
Background,interaction
Background,interaction
Background,interaction
Background,interaction
Background,interaction
Background,interaction
Background,interaction
Background,interaction
Background,interaction
Background,interaction
Background,interaction
Background,interaction
Background,interaction
Background,interaction
Background,interaction
Background,interaction
Background,interaction
Background,interaction
Background,interaction
Background,interaction
Background,interaction
Background,interaction
Background,interaction
Background,interaction
Background,interaction
Background,interaction
Background,interaction
Background,interaction
Background,interaction
Background,interaction
Background,interaction
Background,interaction
Background,interaction
Background,interaction
Background,interaction
Background,interaction
Background,interaction
Background,interaction
Background,interaction
Background,interaction
Background,interaction
Background,interaction
Background,interaction
Background,interaction
Background,interaction
Background,interaction
Background,interaction
Background,interaction
Background,interaction
Background,interaction
Background,interaction
Background,background
Background,background
Background,background
Background,background
Background,background
Background,background
Background,background
Background,background
Background,background
Background,background
Background,background
Background,background
Background,background
Background,background
Background,background
Background,background
Background,background
Background,background
Background,background
Background,background
Background,background
Background,background
Background,background
Background,background
Background,background
Background,background
Background,background
Background,background
Background,background
Background,background
Background,background
Background,background
Background,background
Background,background
Background,background
Background,background
Background,background
Background,background
Background,background
Background,background
Background,background
Background,background
Background,background
Background,background
Background,background
Background,background
Background,background
Background,background
Background,background
Background,background
Background,background
Background,background
Background,background
Background,background
Background,background
Background,background
Background,background
Background,background
Background,background
Background,background
Background,background
Background,background
Background,background
Background,background
Background,background
Background,background
Background,background
Background,background
Background,background
Background,background
Background,background
Background,background
Background,background
Background,background
Background,background
Background,background
Background,background
Background,background
Background,background
Background,background
Background,background
Background,background
Background,background
Background,background
Background,background
Background,background
Background,background
Background,background
Background,background
Background,background
Background,background
Background,background
Background,background
Background,background
Background,background
Background,background
Background,background
Background,background
Background,background
Background,background
Background,background
Background,background
Background,background
Background,background
Background,background
Background,background
Background,background
Background,background
Background,background
Background,background
Background,background
Background,background
Background,background
Background,background
Background,background
Background,background
Background,background
Background,background
Background,background
Background,background
Background,background
Background,background
Background,background
Background,background
Background,background
Background,background
Background,background
Background,background
Background,background
Background,background
Background,background
Background,background
Background,background
Background,background
Background,background
Background,background
Background,background
Background,background
Background,background
Background,background
Background,background
Background,background
Background,background
Background,background
Background,background
Background,background
Background,background
Background,background
Background,background
Background,background
Background,background
Background,background
Background,background
Background,background
Background,background
Background,background
Background,background
Background,background
Background,background
Background,background
Background,background
Background,background
Background,background
Background,background
Background,background
Background,background
Background,background
Background,background
Background,background
Background,background
Background,background
Background,background
Background,background
Background,background
Background,background
Background,background
Background,background
Background,background
Background,background
Background,background
Background,background
Background,background
Background,background
Background,background
Background,background
Background,background
Background,background
Background,background
Background,background
Background,background
Background,background
Background,background
Background,background
Background,background
Background,background
Background,background
Background,background
Background,background
Background,background
Background,background
Background,background
Background,background
Background,background
Background,background
Background,background
Background,background
Background,background
Background,background
Background,background
Background,background
Background,background
Background,background
Background,background
Background,background
Background,background
Background,background
Background,background
Background,background
Background,background
Background,background
Background,background
Background,background
Background,background
Background,background
Background,background
Background,background
Background,background
Background,background
Background,background
Background,background
Background,background
Background,background
Background,background
Background,background
Background,background
Background,background
Background,background
Background,background
Background,background
Background,background
Background,background
Background,background
Background,background
Background,background
Background,background
Background,background
Background,background
Background,background
Background,background
Background,background
Background,background
Background,background
Background,background
Background,background
Background,background
Background,background
Background,background
Background,background
Background,background
Background,background
Background,background
Background,background
Background,background
Background,background
Background,background
Background,background
Background,background
Background,background
Background,background
Background,background
Background,background
Background,background
Background,background
Background,background
Background,background
Background,background
Background,background
Background,background
Background,background
Background,background
Background,background
Background,background
Background,background
Background,background
Background,background
Background,background
Background,background
Background,background
Background,background
Background,background
Background,background
Background,background
Background,background
Background,background
Background,background
Background,background
Background,background
Background,background
Background,background
Background,background
Background,background
Background,background
Background,background
Background,background
Background,background
Background,background
Background,background
Background,background
Background,background
Background,background
Background,background
Background,background
Background,background
Background,background
Background,background
Background,background
Background,background
Background,background
Background,background
Background,background
Background,background
Background,background
Background,background
Background,background
Background,background
Background,background
Background,background
Background,background
Background,background
Background,background
Background,background
Background,background
Background,background
Background,background
Background,background
Background,background
Background,background
Background,background
Background,background
Background,background
Background,background
Background,background
Background,background
Background,background
Background,background
Background,background
Background,background
Background,background
Background,background
Background,background
Background,background
Background,background
Background,background
Background,background
Background,background
Background,background
Background,background
Background,background
Background,background
Background,background
Background,background
Background,background
Background,background
Background,background
Background,background
Background,background
Background,background
Background,background
Background,background
Background,background
Background,background
Background,background
Background,background
Background,background
Background,background
Background,background
Background,background
Background,background
Background,background
Background,background
Background,background
Background,background
Background,background
Background,background
Background,background
Background,background
Background,background
Background,background
Background,background
Background,background
Background,background
Background,background
Background,background
Background,background
Background,background
Background,background
Background,background
Background,background
Background,background
Background,background
Background,background
Background,background
Background,background
Background,background
Background,background
Background,background
Background,background
Background,background
Background,background
Background,background
Background,background
Background,background
Background,background
Background,background
Background,background
Background,background
Background,background
Background,background
Background,background
Background,background
Background,background
Background,background
Background,background
Background,background
Background,background
Background,background
Background,background
Background,background
Background,background
Background,background
Background,background
Background,background
Background,background
Background,background
Background,background
Background,background
Background,background
Background,background
Background,background
Background,background
Background,background
Background,background
Background,background
Background,background
Background,background
Background,background
Background,background
Background,background
Background,background
Background,background
Background,background
Background,background
Background,background
Background,background
Background,background
Background,background
Background,background
Background,background
Background,background
Background,background
Background,background
Background,background
Background,background
Background,background
Background,background
Background,background
Background,background
Background,background
Background,background
Background,background
Background,background
Background,background
Background,background
Background,background
Background,background
Background,background
Background,background
Background,background
Background,background
Background,background
Background,background
Background,background
Background,background
Background,background
Background,background
Background,background
Background,background
Background,background
Background,background
Background,background
Background,background
Background,background
Background,background
Background,background
Background,background
Background,background
Background,background
Background,background
Background,background
Background,background
Background,background
Background,background
Background,background
Background,background
Background,background
Background,background
Background,background
Background,background
Background,background
Background,background
Background,background
Background,background
Background,background
Background,background
Background,background
Background,background
Background,background
Background,background
Background,background
Background,background
Background,background
Background,background
Background,background
Background,background
Background,background
Background,background
Background,background
Background,background
Background,background
Background,background
Background,background
Background,background
Background,background
Background,background
Background,background
Background,background
Background,background
Background,background
Background,background
Background,background
Background,background
Background,background
Background,background
Background,background
Background,background
Background,background
Background,background
Background,background
Background,background
Background,background
Background,background
Background,background
Background,background
Background,background
Background,background
Background,background
Background,background
Background,background
Background,background
Background,background
Background,background
Background,background
Background,background
Background,background
Background,background
Background,background
Background,background
Background,background
Background,background
Background,background
Background,background
Background,background
Background,background
Background,background
Background,background
Background,background
Background,background
Background,background
Background,background
Background,background
Background,background
Background,background
Background,background
Background,background
Background,background
Background,background
Background,background
Background,background
Background,background
Background,background
Background,background
Background,background
Background,background
Background,background
Background,background
Background,background
Background,background
Background,background
Background,background
Background,background
Background,background
Background,background
Background,background
Background,background
Background,background
Background,background
Background,background
Background,background
Background,background
Background,background
Background,background
Background,background
Background,background
Background,background
Background,background
Background,background
Background,background
Background,background
Background,background
Background,background
Background,background
Background,background
Background,background
Background,background
Background,background
Background,background
Background,background
Background,background
Background,background
Background,background
Background,background
Background,background
Background,background
Background,background
Background,background
Background,background
Background,background
Background,background
Background,background
Background,background
Background,background
Background,background
Background,background
Background,background
Background,background
Background,background
Background,background
Background,background
Background,background
Background,background
Background,background
Background,background
Background,background
Background,background
Background,background
Background,background
Background,background
Background,background
Background,background
Background,background
Background,background
Background,background
Background,background
Background,background
Background,background
Background,background
Background,background
Background,background
Background,background
Background,background
Background,background
Background,background
Background,background
Background,background
Background,background
Background,background
Background,background
Background,background
Background,background
Background,background
Background,background
Background,background
Background,background
Background,background
Background,background
Background,background
Background,background
Background,background
Background,background
Background,background
Background,background
Background,background
Background,background
Background,background
Background,background
Background,background
Background,background
Background,background
Background,background
Background,background
Background,background
Background,background
Background,background
Background,background
Background,background
Background,background
Background,background
Background,background
Background,background
Background,background
Background,background
Background,background
Background,background
Background,background
Background,background
Background,background
Background,background
Background,background
Background,background
Background,background
Background,background
Background,background
Background,background
Background,background
Background,background
Background,background
Background,background
Background,background
Background,background
Background,background
Background,background
Background,background
Background,background
Background,background
Background,background
Background,background
Background,background
Background,background
Background,background
Background,background
Background,background
Background,background
Background,background
Background,background
Background,background
Background,background
Background,background
Background,background
Background,background
Background,background
Background,background
Background,background
Background,background
Background,background
Background,background
Background,background
Background,background
Background,background
Background,background
Background,background
Background,background
Background,background
Background,background
Background,background
Background,background
Background,background
Background,background
Background,background
Background,background
Background,background
Background,background
Background,background
Background,background
Background,background
Background,background
Background,background
Background,background
Background,background
Background,background
Background,background
Background,background
Background,background
Background,background
Background,background
Background,background
Background,background
Background,background
Background,background
Background,background
Background,background
Background,background
Background,background
Background,background
Background,background
Background,background
Background,background
Background,background
Background,background
Background,background
Background,background
Background,background
Background,background
Background,background
Background,background
Background,background
Background,background
Background,background
Background,background
Background,background
Background,background
Background,background
Background,background
Background,background
Background,background
Background,background
Background,background
Background,background
Background,background
Background,background
Background,background
Background,background
Background,background
Background,background
Background,background
Background,background
Background,background
Background,background
Background,background
Background,background
Background,background
Background,background
Background,background
Background,background
Background,background
Background,background
Background,background
Background,background
Background,background
Background,background
Background,background
Background,background
Background,background
Background,background
Background,background
Background,background
Background,background
Background,background
Background,background
Background,background
Background,background
Background,background
Background,background
Background,background
Background,background
Background,background
Background,background
Background,background
Background,background
Background,background
Background,background
Background,background
Background,background
Background,background
Background,background
Background,background
Background,background
Background,background
Background,background
Background,background
Background,background
Background,background
Background,background
Background,background
Background,background
Background,background
Background,background
Background,background
Background,background
Background,background
Background,background
Background,background
Background,background
Background,background
Background,background
Background,background
Background,background
Background,background
Background,background
Background,background
Background,background
Background,background
Background,background
Background,background
Background,background
Background,background
Background,background
Background,background
Background,background
Background,background
Background,background
Background,background
Background,background
Background,background
Background,background
Background,background
Background,background
Background,background
Background,background
Background,background
Background,background
Background,background
Background,background
Background,background
Background,background
Background,background
Background,background
Background,background
Background,background
Background,background
Background,background
Background,background
Background,background
Background,background
Background,background
Background,background
Background,background
Background,background
Background,background
Background,background
Background,background
Background,background
Background,background
Background,background
Background,background
Background,background
Background,background
Background,background
Background,background
Background,background
Background,background
Background,background
Background,background
Background,background
Background,background
Background,background
Background,background
Background,background
Background,background
Background,background
Background,background
Background,background
Background,background
Background,background
Background,background
Background,background
Background,background
Background,background
Background,background
Background,background
Background,background
Background,background
Background,background
Background,background
Background,background
Background,background
Background,background
Background,background
Background,background
Background,background
Background,background
Background,background
Background,background
Background,background
Background,background
Background,background
Background,background
Background,background
Background,background
Background,background
Background,background
Background,background
Background,background
Background,background
Background,background
Background,background
Background,background
Background,background
Background,background
Background,background
Background,background
Background,background
Background,background
Background,background
Background,background
Background,background
Background,background
Background,background
Background,background
Background,background
Background,background
Background,background
Background,background
Background,background
Background,background
Background,background
Background,background
Background,background
Background,background
Background,background
Background,background
Background,background
Background,background
Background,background
Background,background
Background,background
Background,background
Background,background
Background,background
Background,background
Background,background
Background,background
Background,background
Background,background
Background,background
Background,background
Background,background
Background,background
Background,background
Background,background
Background,background
Background,background
Background,background
Background,background
Background,background
Background,background
Background,background
Background,background
Background,background
Background,background
Background,background
Background,background
Background,background
Background,background
Background,background
Background,background
Background,background
Background,background
Background,background
Background,background
Background,background
Background,background
Background,background
Background,background
Background,background
Background,background
Background,background
Background,background
Background,background
Background,background
Background,background
Background,background
Background,background
Background,background
Background,background
Background,background
Background,background
Background,background
Background,background
Background,background
Background,background
Background,background
Background,background
Background,background
Background,background
Background,background
Background,background
Background,background
Background,background
Background,background
Background,background
Background,background
Background,background
Background,background
Background,background
Background,background
Background,background
Background,background
Background,background
Background,background
Background,background
Background,background
Background,background
Background,background
Background,background
Background,background
Background,background
Background,background
Background,background
Background,background
Background,background
Background,background
Background,background
Background,background
Background,background
Background,background
Background,background
Background,background
Background,background
Background,background
Background,background
Background,background
Background,background
Background,background
Background,background
Background,background
Background,background
Background,background
Background,background
Background,background
Background,background
Background,background
Background,background
Background,background
Background,background
Background,background
Background,background
Background,background
Background,background
Background,background
Background,background
Background,background
Background,background
Background,background
Background,background
Background,background
Background,background
Background,background
Background,background
Background,background
Background,background
Background,background
Background,background
Background,background
Background,background
Background,background
Background,background
Background,background
Background,background
Background,background
Background,background
Background,background
Background,background
Background,background
Background,background
Background,background
Background,background
Background,background
Background,background
Background,background
Background,background
Background,background
Background,background
Background,background
Background,background
Background,background
Background,background
Background,background
Background,background
Background,background
Background,background
Background,background
Background,background
Background,background
Background,background
Background,background
Background,background
Background,background
Background,background
Background,background
Background,background
Background,background
Background,background
Background,background
Background,background
Background,background
Background,background
Background,background
Background,background
Background,background
Background,background
Background,background
Background,background
Background,background
Background,background
Background,background
Background,background
Background,background
Background,background
Background,background
Background,background
Background,background
Background,background
Background,background
Background,background
Background,background
Background,background
Background,background
Background,background
Background,background
Background,background
Background,background
Background,background
Background,background
Background,background
Background,background
Background,background
Background,background
Background,background
Background,background
Background,background
Background,background
Background,background
Background,background
Background,background
Background,background
Background,background
Background,background
Background,background
Background,background
Background,background
Background,background
Background,background
Background,background
Background,background
Background,background
Background,background
Background,background
Background,background
Background,background
Background,background
Background,background
Background,background
Background,background
Background,background
Background,background
Background,background
Background,background
Background,background
Background,background
Background,background
Background,background
Background,background
Background,background
Background,background
Background,background
Background,background
Background,background
Background,background
Background,background
Background,background
Background,background
Background,background
Background,background
Background,background
Background,background
Background,background
Background,background
Background,background
Background,background
Background,background
Background,background
Background,background
Background,background
Background,background
Background,background
Background,background
Background,background
Background,background
Background,background
Background,background
Background,background
Background,background
Background,background
Background,background
Background,background
Background,background
Background,background
Background,background
Background,background
Background,background
Background,background
Background,background
Background,background
Background,background
Background,background
Background,background
Background,background
Background,background
Background,background
Background,background
Background,background
Background,background
Background,background
Background,background
Background,background
Background,background
Background,background
Background,background
Background,background
Background,background
Background,background
Background,background
Background,background
Background,background
Background,background
Background,background
Background,background
Background,background
Background,background
Background,background
Background,background
Background,background
Background,background
Background,background
Background,background
Background,background
Background,background
Background,background
Background,background
Background,background
Background,background
Background,background
Background,background
Background,background
Background,background
Background,background
Background,background
Background,background
Background,background
Background,background
Background,background
Background,background
Background,background
Background,background
Background,background
Background,background
Background,background
Background,background
Background,background
Background,background
Background,background
Background,background
Background,background
Background,background
Background,background
Background,background
Background,background
Background,background
Background,background
Background,background
Background,background
Background,background
Background,background
Background,background
Background,background
Background,background
Background,background
Background,background
Background,background
Background,background
Background,background
Background,background
Background,background
Background,background
Background,background
Background,background
Background,background
Background,background
Background,background
Background,background
Background,background
Background,background
Background,background
Background,background
Background,background
Background,background
Background,background
Background,background
Background,background
Background,background
Background,background
Background,background
Background,background
Background,background
Background,background
Background,background
Background,background
Background,background
Background,background
Background,background
Background,background
Background,background
Background,background
Background,background
Background,background
Background,background
Background,background
Background,background
Background,background
Background,background
Background,background
Background,background
Background,background
Background,background
Background,background
Background,background
Background,background
Background,background
Background,background
Background,background
Background,background
Background,background
Background,background
Background,background
Background,background
Background,background
Background,background
Background,background
Background,background
Background,background
Background,background
Background,background
Background,background
Background,background
Background,background
Background,background
Background,background
Background,background
Background,background
Background,background
Background,background
Background,background
Background,background
Background,background
Background,background
Background,background
Background,background
Background,background
Background,background
Background,background
Background,background
Background,background
Background,background
Background,background
Background,background
Background,background
Background,background
Background,background
Background,background
Background,background
Background,background
Background,background
Background,background
Background,background
Background,background
Background,background
Background,background
Background,background
Background,background
Background,background
Background,background
Background,background
Background,background
Background,background
Background,background
Background,background
Background,background
Background,background
Background,background
Background,background
Background,background
Background,background
Background,background
Background,background
Background,background
Background,background
Background,background
Background,background
Background,background
Background,background
Background,background
Background,background
Background,background
Background,background
Background,background
Background,background
Background,background
Background,background
Background,background
Background,background
Background,background
Background,background
Background,background
Background,background
Background,background
Background,background
Background,background
Background,background
Background,background
Background,background
Background,background
Background,background
Background,background
Background,background
Background,background
Background,background
Background,background
Background,background
Background,background
Background,background
Background,background
Background,background
Background,background
Background,background
Background,background
Background,background
Background,background
Background,background
Background,background
Background,background
Background,background
Background,background
Background,background
Background,background
Background,background
Background,background
Background,background
Background,background
Background,background
Background,background
Background,background
Background,background
Background,background
Background,background
Background,background
Background,background
Background,background
Background,background
Background,background
Background,background
Background,background
Background,background
Background,background
Background,background
Background,background
Background,background
Background,background
Background,background
Background,background
Background,background
Background,background
Background,background
Background,background
Background,background
Background,background
Background,background
Background,background
Background,background
Background,background
Background,background
Background,background
Background,background
Background,background
Background,background
Background,background
Background,background
Background,background
Background,background
Background,background
Background,background
Background,background
Background,background
Background,background
Background,background
Background,background
Background,background
Background,background
Background,background
Background,background
Background,background
Background,background
Background,background
Background,background
Background,background
Background,background
Background,background
Background,background
Background,background
Background,background
Background,background
Background,background
Background,background
Background,background
Background,background
Background,background
Background,background
Background,background
Background,background
Background,background
Background,background
Background,background
Background,background
Background,background
Background,background
Background,background
Background,background
Background,background
Background,background
Background,background
Background,background
Background,background
Background,background
Background,background
Background,background
Background,background
Background,background
Background,background
Background,background
Background,background
Background,background
Background,background
Background,background
Background,background
Background,background
Background,background
Background,background
Background,background
Background,background
Background,background
Background,background
Background,background
Background,background
Background,background
Background,background
Background,background
Background,background
Background,background
Background,background
Background,background
Background,background
Background,background
Background,background
Background,background
Background,background
Background,background
Background,background
Background,background
Background,background
Background,background
Background,background
Background,background
Background,background
Background,background
Background,background
Background,background
Background,background
Background,background
Background,background
Background,background
Background,background
Background,background
Background,background
Background,background
Background,background
Background,background
Background,background
Background,background
Background,background
Background,background
Background,background
Background,background
Background,background
Background,background
Background,background
Background,background
Background,background
Background,background
Background,background
Background,background
Background,background
Background,background
Background,background
Background,background
Background,background
Background,background
Background,background
Background,background
Background,background
Background,background
Background,background
Background,background
Background,background
Background,background
Background,background
Background,background
Background,background
Background,background
Background,background
Background,background
Background,background
Background,background
Background,background
Background,background
Background,background
Background,background
Background,background
Background,background
Background,background
Background,background
Background,background
Background,background
Background,background
Background,background
Background,background
Background,background
Background,background
Background,background
Background,background
Background,background
Background,background
Background,background
Background,background
Background,background
Background,background
Background,background
Background,background
Background,background
Background,background
Background,background
Background,background
Background,background
Background,background
Background,background
Background,background
Background,background
Background,background
Background,background
Background,background
Background,background
Background,background
Background,background
Background,background
Background,background
Background,background
Background,background
Background,background
Background,background
Background,background
Background,background
Background,background
Background,background
Background,background
Background,background
Background,background
Background,background
Background,background
Background,background
Background,background
Background,background
Background,background
Background,background
Background,background
Background,background
Background,background
Background,background
Background,background
Background,background
Background,background
Background,background
Background,background
Background,background
Background,background
Background,background
Background,background
Background,background
Background,background
Background,background
Background,background
Background,background
Background,background
Background,background
Background,background
Background,background
Background,background
Background,background
Background,background
Background,background
Background,background
Background,background
Background,background
Background,background
Background,background
Background,background
Background,background
Background,background
Background,background
Background,background
Background,background
Background,background
Background,background
Background,background
Background,background
Background,background
Background,background
Background,background
Background,background
Background,background
Background,background
Background,background
Background,background
Background,background
Background,background
Background,background
Background,background
Background,background
Background,background
Background,background
Background,background
Background,background
Background,background
Background,background
Background,background
Background,background
Background,background
Background,background
Background,background
Background,background
Background,background
Background,background
Background,background
Background,background
Background,background
Background,background
Background,background
Background,background
Background,background
Background,background
Background,background
Background,background
Background,background
Background,background
Background,background
Background,background
Background,background
Background,background
Background,background
Background,background
Background,background
Background,background
Background,background
Background,background
Background,background
Background,background
Background,background
Background,background
Background,background
Background,background
Background,background
Background,background
Background,background
Background,background
Background,background
Background,background
Background,background
Background,background
Background,background
Background,background
Background,background
Background,background
Background,background
Background,background
Background,background
Background,background
Background,background
Background,background
Background,background
Background,background
Background,background
Background,background
Background,background
Background,background
Background,background
Background,background
Background,background
Background,background
Background,background
Background,background
Background,background
Background,background
Background,background
Background,background
Background,background
Background,background
Background,background
Background,background
Background,background
Background,background
Background,background
Background,background
Background,background
Background,background
Background,background
Background,background
Background,background
Background,background
Background,background
Background,background
Background,background
Background,background
Background,background
Background,background
Background,background
Background,background
Background,background
Background,background
Background,background
Background,background
Background,background
Background,background
Background,background
Background,background
Background,background
Background,background
Background,background
Background,background
Background,background
Background,background
Background,background
Background,background
Background,background
Background,background
Background,background
Background,background
Background,background
Background,background
Background,background
Background,background
Background,background
Background,background
Background,background
Background,background
Background,background
Background,background
Background,background
Background,background
Background,background
Background,background
Background,background
Background,background
Background,background
Background,background
Background,background
Background,background
Background,background
Background,background
Background,background
Background,background
Background,background
Background,background
Background,background
Background,background
Background,background
Background,background
Background,background
Background,background
Background,background
Background,background
Background,background
Background,background
Background,background
Background,background
Background,background
Background,background
Background,background
Background,background
Background,background
Background,background
Background,background
Background,background
Background,background
Background,background
Background,background
Background,background
Background,background
Background,background
Background,background
Background,background
Background,background
Background,background
Background,background
Background,background
Background,background
Background,background
Background,background
Background,background
Background,background
Background,background
Background,background
Background,background
Background,background
Background,background
Background,background
Background,background
Background,background
Background,background
Background,background
Background,background
Background,background
Background,background
Background,background
Background,background
Background,background
Background,background
Background,background
Background,background
Background,background
Background,background
Background,background
Background,background
Background,background
Background,background
Background,background
Background,background
Background,background
Background,background
Background,background
Background,background
Background,background
Background,background
Background,background
Background,background
Background,background
Background,background
Background,background
Background,background
Background,background
Background,background
Background,background
Background,background
Background,background
Background,background
Background,background
Background,background
Background,background
Background,background
Background,background
Background,background
Background,background
Background,background
Background,background
Background,background
Background,background
Background,background
Background,background
Background,background
Background,background
Background,background
Background,background
Background,background
Background,background
Background,background
Background,background
Background,background
Background,background
Background,background
Background,background
Background,background
Background,background
Background,background
Background,background
Background,background
Background,background
Background,background
Background,background
Background,background
Background,background
Background,background
Background,background
Background,background
Background,background
Background,background
Background,background
Background,background
Background,background
Background,background
Background,background
Background,background
Background,background
Background,background
Background,background
Background,background
Background,background
Background,background
Background,background
Background,background
Background,background
Background,background
Background,background
Background,background
Background,background
Background,background
Background,background
Background,background
Background,background
Background,background
Background,background
Background,background
Background,background
Background,background
Background,background
Background,background
Background,background
Background,background
Background,background
Background,background
Background,background
Background,background
Background,background
Background,background
Background,background
Background,background
Background,background
Background,background
Background,background
Background,background
Background,background
Background,background
Background,background
Background,background
Background,background
Background,background
Background,background
Background,background
Background,background
Background,background
Background,background
Background,background
Background,background
Background,background
Background,background
Background,background
Background,background
Background,background
Background,background
Background,background
Background,background
Background,background
Background,background
Background,background
Background,background
Background,background
Background,background
Background,background
Background,background
Background,background
Background,background
Background,background
Background,background
Background,background
Background,background
Background,background
Background,background
Background,background
Background,background
Background,background
Background,background
Background,background
Background,background
Background,background
Background,background
Background,background
Background,background
Background,background
Background,background
Background,background
Background,background
Background,background
Background,background
Background,background
Background,background
Background,background
Background,background
Background,background
Background,background
Background,background
Background,background
Background,background
Background,background
Background,background
Background,background
Background,background
Background,background
Background,background
Background,background
Background,background
Background,background
Background,background
Background,background
Background,background
Background,background
Background,background
Background,background
Background,background
Background,background
Background,background
Background,background
Background,background
Background,background
Background,background
Background,background
Background,background
Background,background
Background,background
Background,background
Background,background
Background,background
Background,background
Background,background
Background,background
Background,background
Background,background
Background,background
Background,background
Background,background
Background,background
Background,background
Background,background
Background,background
Background,background
Background,background
Background,background
Background,background
Background,background
Background,background
Background,background
Background,background
Background,background
Background,background
Background,background
Background,background
Background,background
Background,background
Background,background
Background,background
Background,background
Background,background
Background,background
Background,background
Background,background
Background,background
Background,background
Background,background
Background,background
Background,background
Background,background
Background,background
Background,background
Background,background
Background,background
Background,background
Background,background
Background,background
Background,background
Background,background
Background,background
Background,background
Background,background
Background,background
Background,background
Background,background
Background,background
Background,background
Background,background
Background,background
Background,background
Background,background
Background,background
Background,background
Background,background
Background,background
Background,background
Background,background
Background,background
Background,background
Background,background
Background,background
Background,background
Background,background
Background,background
Background,background
Background,background
Background,background
Background,background
Background,background
Background,background
Background,background
Background,background
Background,background
Background,background
Background,background
Background,background
Background,background
Background,background
Background,background
Background,background
Background,background
Background,background
Background,background
Background,background
Background,background
Background,background
Background,background
Background,background
Background,background
Background,background
Background,background
Background,background
Background,background
Background,background
Background,background
Background,background
Background,background
Background,background
Background,background
Background,background
Background,background
Background,background
Background,background
Background,background
Background,background
Background,background
Background,background
Background,background
Background,background
Background,background
Background,background
Background,background
Background,background
Background,background
Background,background
Background,background
Background,background
Background,background
Background,background
Background,background
Background,background
Background,background
Background,background
Background,background
Background,background
Background,background
Background,background
Background,background
Background,background
Background,background
Background,background
Background,background
Background,background
Background,background
Background,background
Background,background
Background,background
Background,background
Background,background
Background,background
Background,background
Background,background
Background,background
Background,background
Background,background
Background,background
Background,background
Background,background
Background,background
Background,background
Background,background
Background,background
Background,background
Background,background
Background,background
Background,background
Background,background
Background,background
Background,background
Background,background
Background,background
Background,background
Background,background
Background,background
Background,background
Background,background
Background,background
Background,background
Background,background
Background,background
Background,background
Background,background
Background,background
Background,background
Background,background
Background,background
Background,background
Background,background
Background,background
Background,background
Background,background
Background,background
Background,background
Background,background
Background,background
Background,background
Background,background
Background,background
Background,background
Background,background
Background,background
Background,background
Background,background
Background,background
Background,background
Background,background
Background,background
Background,background
Background,background
Background,background
Background,background
Background,background
Background,background
Background,background
Background,background
Background,background
Background,background
Background,background
Background,background
Background,background
Background,background
Background,background
Background,background
Background,background
Background,background
Background,background
Background,background
Background,background
Background,background
Background,background
Background,background
Background,background
Background,background
Background,background
Background,background
Background,background
Background,background
Background,background
Background,background
Background,background
Background,background
Background,background
Background,background
Background,background
Background,background
Background,background
Background,background
Background,background
Background,background
Background,background
Background,background
Background,background
Background,background
Background,background
Background,background
Background,background
Background,background
Background,background
Background,background
Background,background
Background,background
Background,background
Background,background
Background,background
Background,background
Background,background
Background,background
Background,background
Background,background
Background,background
Background,background
Background,background
Background,background
Background,background
Background,background
Background,background
Background,background
Background,background
Background,background
Background,background
Background,background
Background,background
Background,background
Background,background
Background,background
Background,background
Background,background
Background,background
Background,background
Background,background
Background,background
Background,background
Background,background
Background,background
Background,background
Background,background
Background,background
Background,background
Background,background
Background,background
Background,background
Background,background
Background,background
Background,background
Background,background
Background,background
Background,background
Background,background
Background,background
Background,background
Background,background
Background,background
Background,background
Background,background
Background,background
Background,background
Background,background
Background,background
Background,background
Background,background
Background,background
Background,background
Background,background
Background,background
Background,background
Background,background
Background,background
Background,background
Background,background
Background,background
Background,background
Background,background
Background,background
Background,background
Background,background
Background,background
Background,background
Background,background
Background,background
Background,background
Background,background
Background,background
Background,background
Background,background
Background,background
Background,background
Background,background
Background,background
Background,background
Background,background
Background,background
Background,background
Background,background
Background,background
Background,background
Background,background
Background,background
Background,background
Background,background
Background,background
Background,background
Background,background
Background,background
Background,background
Background,background
Background,background
Background,background
Background,background
Background,background
Background,background
Background,background
Background,background
Background,background
Background,background
Background,background
